1706920818.4551973 8.86452841758728 0.0 17.819788455963135 0.0 9.84418773651123 0.0 8.00571084022522 0.0 18.773184537887573 0.0 10.374348402023315 0.0
1706920904.2285252 8.196133613586426 0.0 17.119492769241333 0.0 9.696197748184204 0.0 8.028242111206055 0.0 17.827625036239624 0.0 10.536295890808105 0.0
1706920987.730168 7.912518739700317 0.0 17.109437942504883 0.0 9.01811671257019 0.0 7.208244800567627 0.0 18.00380229949951 0.0 10.514468908309937 0.0
1706921069.5982192 8.045892238616943 0.0 17.278400897979736 0.0 8.86814570426941 0.0 7.199822425842285 0.0 17.975230932235718 0.0 12.018709659576416 80.0
1706921159.493357 9.686790227890015 0.0 0.5967254638671875 1.0 10.522595167160034 0.0 17.126675844192505 0.0 17.940135717391968 0.0 10.644715547561646 0.0
1706921244.5246813 7.89676308631897 0.0 17.011274337768555 0.0 8.86449646949768 0.0 7.907780647277832 0.0 18.751655101776123 0.0 12.123413562774658 80.0
1706921335.5892313 9.560007095336914 0.0 0.5845582485198975 1.0 10.516955137252808 0.0 12.00435733795166 80.0 2.2311105728149414 0.0 10.527370691299438 0.0
1706921405.936426 7.206762075424194 0.0 17.046242713928223 0.0 8.69905686378479 0.0 7.850470781326294 0.0 17.895068645477295 0.0 10.344062089920044 0.0
1706921487.0766082 7.169718980789185 0.0 16.912903308868408 0.0 8.927860260009766 0.0 8.007775783538818 0.0 17.717026233673096 0.0 10.468347311019897 0.0
1706921568.3716583 7.855936288833618 0.0 17.158596754074097 0.0 8.959750175476074 0.0 7.977201223373413 0.0 17.999162197113037 0.0 10.329962491989136 0.0
1706921650.7445624 7.043653964996338 0.0 17.204953908920288 0.0 12.086318016052246 80.0 11.903727531433105 80.0 0.7113668918609619 1.0 0.7126059532165527 0.0
1706921731.683073 15.410927534103394 0.0 16.878899097442627 0.0 8.947874546051025 0.0 7.86424708366394 0.0 17.720506191253662 0.0 11.162560939788818 0.0
1706921821.7607944 7.023661851882935 0.0 16.904685020446777 0.0 8.708138227462769 0.0 7.9934608936309814 0.0 18.671204328536987 0.0 11.270041942596436 0.0
1706921904.4292316 7.297706842422485 0.0 16.33078122138977 0.0 8.679880380630493 0.0 8.005722284317017 0.0 18.569185495376587 0.0 11.412520408630371 0.0
1706921986.8292117 7.177706003189087 0.0 16.382840633392334 0.0 11.956132650375366 80.0 11.919444561004639 80.0 0.7169153690338135 1.0 0.7206037044525146 0.0
1706922066.9883447 15.272927522659302 0.0 16.332785606384277 0.0 8.792579174041748 0.0 8.002996921539307 0.0 17.859084606170654 0.0 11.402150630950928 0.0
1706922156.7396424 7.154139041900635 0.0 16.092753171920776 0.0 8.683411359786987 0.0 7.287668704986572 0.0 18.546881675720215 0.0 11.145073175430298 0.0
1706922237.744689 7.146972894668579 0.0 16.23084259033203 0.0 8.79186201095581 0.0 7.989753246307373 0.0 17.88141131401062 0.0 11.273744821548462 0.0
1706922319.159462 7.029999017715454 0.0 16.09851622581482 0.0 8.693776845932007 0.0 7.977690935134888 0.0 18.695422887802124 0.0 11.293876886367798 0.0
1706922401.052432 7.06794548034668 0.0 15.380415916442871 0.0 8.917829513549805 0.0 8.143092393875122 0.0 18.814149618148804 0.0 11.143890142440796 0.0
1706922482.609766 7.181980609893799 0.0 16.05911684036255 0.0 8.657238245010376 0.0 8.031116247177124 0.0 19.376181602478027 0.0 11.78788447380066 80.0
1706922572.2083445 8.663318634033203 0.0 0.45084595680236816 1.0 9.670610904693604 0.0 17.187426805496216 0.0 18.8185133934021 0.0 11.146024942398071 0.0
1706922656.633445 7.315678834915161 0.0 15.520773649215698 0.0 8.803792715072632 0.0 7.845738887786865 0.0 19.328730583190918 0.0 12.083171606063843 0.0
1706922739.6310956 7.031674861907959 0.0 16.082798957824707 0.0 8.815820217132568 0.0 8.12578535079956 0.0 19.675118923187256 0.0 12.256234169006348 0.0
1706922823.7181842 7.1457929611206055 0.0 15.524638414382935 0.0 8.67377781867981 0.0 7.993788242340088 0.0 20.167317628860474 0.0 12.12088680267334 0.0
1706922907.4413464 7.039532423019409 0.0 15.520325660705566 0.0 8.13168740272522 0.0 7.85573935508728 0.0 20.468491077423096 0.0 11.939183473587036 0.0
1706922990.490004 7.138084411621094 0.0 15.410303831100464 0.0 8.007707357406616 0.0 7.346719980239868 0.0 20.21618103981018 0.0 11.968686819076538 0.0
1706923072.6743238 7.295337915420532 0.0 15.267143487930298 0.0 7.9816060066223145 0.0 7.9995012283325195 0.0 19.499539375305176 0.0 11.28012228012085 0.0
1706923154.098579 7.171390771865845 0.0 15.5010404586792 0.0 7.9996726512908936 0.0 7.865527868270874 0.0 18.80072259902954 0.0 11.434812307357788 0.0
1706923234.9715693 7.279707193374634 0.0 15.24267578125 0.0 8.10954475402832 0.0 8.01573371887207 0.0 18.689184188842773 0.0 11.288065195083618 0.0
1706923315.6961458 7.037829637527466 0.0 15.300474643707275 0.0 11.942268133163452 80.0 9.60897946357727 0.0 0.5786745548248291 1.0 10.573713779449463 0.0
1706923395.6220174 13.87828516960144 0.0 15.418452739715576 0.0 8.123479843139648 0.0 7.056342840194702 0.0 17.899035453796387 0.0 11.129852294921875 0.0
1706923481.2322319 7.18954610824585 0.0 15.504794836044312 0.0 7.894046306610107 0.0 7.173581838607788 0.0 17.890692472457886 0.0 10.61208701133728 0.0
1706923559.602955 7.021653890609741 0.0 15.49470043182373 0.0 7.845670938491821 0.0 7.029257774353027 0.0 17.71935200691223 0.0 10.480094909667969 0.0
1706923637.2898307 7.027552366256714 0.0 15.28269076347351 0.0 11.7681143283844 80.0 9.526358366012573 0.0 0.5805931091308594 1.0 9.769519329071045 0.0
1706923716.1579847 14.563055992126465 0.0 15.281773805618286 0.0 7.860159158706665 0.0 7.309759855270386 0.0 17.711344718933105 0.0 10.289670944213867 0.0
1706923801.2735116 7.148062705993652 0.0 14.738177299499512 0.0 8.115654706954956 0.0 7.297569036483765 0.0 17.193256378173828 0.0 10.601707220077515 0.0
1706923878.4697104 7.151714086532593 0.0 15.256626844406128 0.0 7.978601932525635 0.0 7.036978006362915 0.0 17.023054838180542 0.0 10.437607526779175 0.0
1706923955.4445407 7.167745590209961 0.0 14.750543355941772 0.0 7.984029769897461 0.0 7.031426906585693 0.0 17.835243225097656 0.0 10.469749212265015 0.0
1706924032.7805142 7.317698955535889 0.0 14.744327545166016 0.0 7.880232334136963 0.0 7.1447272300720215 0.0 17.694977283477783 0.0 10.313913345336914 0.0
1706924109.9693108 7.186520099639893 0.0 15.278011322021484 0.0 7.995686769485474 0.0 7.314055681228638 0.0 17.870631217956543 0.0 10.33606505393982 0.0
1706924188.0500238 7.297676086425781 0.0 15.245004415512085 0.0 8.00789475440979 0.0 7.313812971115112 0.0 17.994506359100342 0.0 10.33193302154541 0.0
1706924266.342424 7.343703269958496 0.0 15.3927161693573 0.0 7.9823384284973145 0.0 7.041316747665405 0.0 17.704686641693115 0.0 10.610457181930542 0.0
1706924344.519777 7.059734582901001 0.0 14.69054651260376 0.0 8.129511594772339 0.0 7.27575945854187 0.0 17.86701512336731 0.0 10.450044870376587 0.0
1706924422.0997 7.067101001739502 0.0 14.681462287902832 0.0 8.665524005889893 0.0 7.025896787643433 0.0 17.989052295684814 0.0 10.576109409332275 0.0
1706924500.2083201 7.153708457946777 0.0 15.379528045654297 0.0 8.118020057678223 0.0 7.157015085220337 0.0 17.716673851013184 0.0 10.338096141815186 0.0
1706924578.177241 7.32565712928772 0.0 15.274685621261597 0.0 11.943448305130005 80.0 9.534470796585083 0.0 0.4487020969390869 1.0 9.666000604629517 0.0
1706924657.2735844 14.56446099281311 0.0 15.264804363250732 0.0 7.991686105728149 0.0 7.188621997833252 0.0 17.16790747642517 0.0 10.310327053070068 0.0
1706924741.8713162 7.293463945388794 0.0 15.262693405151367 0.0 7.9829535484313965 0.0 7.048296689987183 0.0 17.693074464797974 0.0 9.61631441116333 0.0
1706924818.8699143 7.181925296783447 0.0 14.756303787231445 0.0 7.99369478225708 0.0 7.325760126113892 0.0 17.154752731323242 0.0 9.63821792602539 0.0
1706924895.025511 7.182318925857544 0.0 15.287075996398926 0.0 7.885226011276245 0.0 7.191261291503906 0.0 17.733288049697876 0.0 9.643537044525146 0.0
1706924972.043653 7.012021541595459 0.0 15.296321153640747 0.0 11.925742626190186 80.0 9.659539222717285 0.0 0.7203409671783447 1.0 9.658496379852295 0.0
1706925051.2193418 14.437688112258911 0.0 14.580642700195312 0.0 8.001247644424438 0.0 7.305271148681641 0.0 17.02967381477356 0.0 9.627998113632202 0.0
1706925134.2940178 7.15670371055603 0.0 14.553441762924194 0.0 11.884240865707397 80.0 11.973564624786377 80.0 0.7089135646820068 1.0 0.7227649688720703 0.0
1706925212.582415 11.793827295303345 80.0 0.576951265335083 0.0 8.117037057876587 0.0 7.305979490280151 0.0 17.066675662994385 0.0 10.307934522628784 0.0
1706925286.2565033 7.0364744663238525 0.0 14.58425235748291 0.0 12.029858589172363 80.0 11.94373369216919 80.0 0.5788629055023193 1.0 0.7088580131530762 0.0
1706925364.422052 14.574483156204224 0.0 14.704968690872192 0.0 8.139800786972046 0.0 7.037616968154907 0.0 17.167037963867188 0.0 10.33404016494751 0.0
1706925448.468229 7.1816699504852295 0.0 14.568626880645752 0.0 7.969713449478149 0.0 7.032981872558594 0.0 17.15701985359192 0.0 9.645577669143677 0.0
1706925524.1153767 7.038690090179443 0.0 14.568615198135376 0.0 7.841661214828491 0.0 7.060077428817749 0.0 16.93252158164978 0.0 10.324053049087524 0.0
1706925599.9774263 7.313814401626587 0.0 15.218471050262451 0.0 7.84595513343811 0.0 7.035695552825928 0.0 17.118855953216553 0.0 10.37802505493164 0.0
1706925676.9891672 7.00768780708313 0.0 14.564609289169312 0.0 7.995773553848267 0.0 7.1816089153289795 0.0 17.209375143051147 0.0 9.659602165222168 0.0
1706925752.7061045 7.279737710952759 0.0 14.594999074935913 0.0 7.985234022140503 0.0 7.020022630691528 0.0 17.718621492385864 0.0 9.777990818023682 0.0
1706925829.1824658 7.013670921325684 0.0 15.278670072555542 0.0 8.085777521133423 0.0 7.028362274169922 0.0 17.73032522201538 0.0 9.761852741241455 0.0
1706925906.1826973 7.167687177658081 0.0 15.252716064453125 0.0 11.818248987197876 80.0 11.775490283966064 80.0 0.5831906795501709 1.0 0.7129645347595215 0.0
1706925984.7909224 11.792776107788086 80.0 0.7089133262634277 0.0 7.972695827484131 0.0 7.027703762054443 0.0 17.174901247024536 0.0 9.776184797286987 0.0
1706926057.7313519 7.14544153213501 0.0 14.55899167060852 0.0 12.043119668960571 80.0 11.799921989440918 80.0 0.7190532684326172 1.0 0.7106797695159912 0.0
1706926135.9713364 11.792413473129272 80.0 0.7147774696350098 0.0 11.885594367980957 80.0 11.911438941955566 80.0 0.5828759670257568 1.0 0.7249186038970947 0.0
1706926211.269102 11.788504362106323 80.0 0.7186071872711182 0.0 7.988851308822632 0.0 7.157567739486694 0.0 16.894901514053345 0.0 9.751970529556274 0.0
1706926284.0641015 7.0176544189453125 0.0 15.268702983856201 0.0 11.770238876342773 80.0 8.837355136871338 0.0 0.5773158073425293 1.0 9.63677716255188 0.0
1706926362.0603538 11.90433120727539 80.0 0.5887222290039062 0.0 8.14328408241272 0.0 7.149671792984009 0.0 17.041266918182373 0.0 11.911841630935669 80.0
1706926443.6982152 8.807163715362549 0.0 0.5826930999755859 1.0 9.77116346359253 0.0 15.364684343338013 0.0 17.025039672851562 0.0 9.667320251464844 0.0
1706926523.4078674 7.01217794418335 0.0 15.372706890106201 0.0 7.998943567276001 0.0 7.173722505569458 0.0 17.85371232032776 0.0 9.635424613952637 0.0
1706926600.5484009 7.306436538696289 0.0 15.266476392745972 0.0 12.064170598983765 80.0 8.81782054901123 0.0 0.583404541015625 1.0 9.76399827003479 0.0
1706926679.2413301 14.4946870803833 0.0 14.719046831130981 0.0 8.111377716064453 0.0 7.16161322593689 0.0 17.022916555404663 0.0 10.30602741241455 0.0
1706926763.1610553 7.323655605316162 0.0 14.698559045791626 0.0 7.983484506607056 0.0 7.153674602508545 0.0 17.194738388061523 0.0 9.68025517463684 0.0
1706926839.2901778 7.3532326221466064 0.0 14.602837085723877 0.0 7.899950742721558 0.0 7.1773576736450195 0.0 17.72303032875061 0.0 11.788215637207031 80.0
1706926924.3462715 8.814982414245605 0.0 0.44670987129211426 1.0 8.959891319274902 0.0 15.54985785484314 0.0 17.07872748374939 0.0 9.651715993881226 0.0
1706927003.3434987 7.017204761505127 0.0 15.22772741317749 0.0 7.999682426452637 0.0 7.0381739139556885 0.0 17.18849277496338 0.0 9.666055679321289 0.0
1706927079.574302 7.303589582443237 0.0 15.262437105178833 0.0 8.009638547897339 0.0 7.163619756698608 0.0 17.755098342895508 0.0 10.325916290283203 0.0
1706927157.4900677 7.15966796875 0.0 14.709814548492432 0.0 7.984511137008667 0.0 7.287316799163818 0.0 17.709304332733154 0.0 9.782000303268433 0.0
1706927234.216511 7.154103755950928 0.0 14.430192232131958 0.0 7.983636856079102 0.0 7.165618181228638 0.0 17.697079181671143 0.0 9.786150455474854 0.0
1706927310.5251362 7.178097248077393 0.0 14.574226379394531 0.0 7.993648290634155 0.0 7.165669679641724 0.0 17.715174913406372 0.0 10.489586591720581 0.0
1706927387.7333024 7.275683879852295 0.0 14.434809684753418 0.0 8.14751935005188 0.0 7.023622751235962 0.0 17.747639417648315 0.0 10.34335970878601 0.0
1706927464.7995713 7.143629312515259 0.0 14.434606790542603 0.0 7.83962082862854 0.0 7.304259300231934 0.0 17.86639976501465 0.0 10.448023319244385 0.0
1706927541.9279191 7.167802333831787 0.0 14.711202144622803 0.0 7.891011714935303 0.0 7.030865669250488 0.0 17.8537380695343 0.0 9.7739417552948 0.0
1706927618.456171 7.18368673324585 0.0 14.554659128189087 0.0 7.869589328765869 0.0 7.17654275894165 0.0 17.840980291366577 0.0 10.327131509780884 0.0
1706927695.5011866 7.217655897140503 0.0 14.440566539764404 0.0 7.875783920288086 0.0 7.046013116836548 0.0 17.724749088287354 0.0 10.583755731582642 0.0
1706927772.4850647 7.051805019378662 0.0 14.558573007583618 0.0 7.877887725830078 0.0 7.015642404556274 0.0 17.870984077453613 0.0 10.582058191299438 0.0
1706927849.5352666 7.157895803451538 0.0 14.712242364883423 0.0 7.859692335128784 0.0 7.019670486450195 0.0 17.860989093780518 0.0 10.512274026870728 0.0
1706927926.7499242 7.30937647819519 0.0 14.716651201248169 0.0 8.121647119522095 0.0 7.029620885848999 0.0 18.012266397476196 0.0 10.576748847961426 0.0
1706928004.6202052 7.155693292617798 0.0 14.418596267700195 0.0 8.109679937362671 0.0 7.149590015411377 0.0 17.89685845375061 0.0 10.452746868133545 0.0
1706928081.9100485 7.041219711303711 0.0 14.71631407737732 0.0 7.866315603256226 0.0 7.031617879867554 0.0 17.997035026550293 0.0 10.448110342025757 0.0
1706928159.105091 7.031683683395386 0.0 14.732553958892822 0.0 7.861699342727661 0.0 7.035675048828125 0.0 17.727439641952515 0.0 10.485611915588379 0.0
1706928236.0755398 7.027684926986694 0.0 14.696571588516235 0.0 11.812190294265747 80.0 11.879611492156982 80.0 0.7129917144775391 1.0 0.7109065055847168 0.0
1706928314.1796978 11.80818486213684 80.0 0.7149868011474609 0.0 7.9747254848480225 0.0 7.157676458358765 0.0 18.535955905914307 0.0 10.442046642303467 0.0
1706928389.3016415 7.0713951587677 0.0 14.536020278930664 0.0 7.95167350769043 0.0 7.173399925231934 0.0 17.9873104095459 0.0 10.460248708724976 0.0
1706928466.5848193 7.155460596084595 0.0 14.446376323699951 0.0 12.05996060371399 80.0 11.759495496749878 80.0 0.7209830284118652 1.0 0.7128796577453613 0.0
1706928544.7229953 11.770395755767822 80.0 0.5831494331359863 0.0 8.154561281204224 0.0 7.036386013031006 0.0 17.99434208869934 0.0 10.458025217056274 0.0
1706928619.2101758 7.0210864543914795 0.0 14.457223892211914 0.0 11.824159383773804 80.0 9.617092847824097 0.0 0.4705047607421875 1.0 9.81367039680481 0.0
1706928697.3049672 14.5263671875 0.0 14.582146167755127 0.0 11.814359188079834 80.0 11.926264762878418 80.0 0.7244799137115479 1.0 0.5986061096191406 0.0
1706928782.7387042 13.768723726272583 0.0 14.427724838256836 0.0 7.857078552246094 0.0 7.322361707687378 0.0 17.71001696586609 0.0 10.45174527168274 0.0
1706928866.3783476 7.047925233840942 0.0 14.5666184425354 0.0 8.116247653961182 0.0 7.151127815246582 0.0 17.076993703842163 0.0 9.751889944076538 0.0
1706928942.1908462 7.139948129653931 0.0 14.434714078903198 0.0 8.11128544807434 0.0 7.141646385192871 0.0 17.03892993927002 0.0 9.674189329147339 0.0
1706929017.8293061 7.153416156768799 0.0 14.404592514038086 0.0 7.861593723297119 0.0 7.165431022644043 0.0 16.906906127929688 0.0 11.902309894561768 80.0
1706929101.709052 8.831274271011353 0.0 0.722726583480835 1.0 8.927234649658203 0.0 15.285776138305664 0.0 17.025960206985474 0.0 9.53983211517334 0.0
1706929180.5287154 7.149704456329346 0.0 14.585989952087402 0.0 7.858722686767578 0.0 7.165685415267944 0.0 16.909180402755737 0.0 9.756070375442505 0.0
1706929256.0523627 7.1984031200408936 0.0 14.570825099945068 0.0 7.878705024719238 0.0 7.307742595672607 0.0 16.888896226882935 0.0 9.499859809875488 0.0
1706929331.5074995 7.151705980300903 0.0 14.459036827087402 0.0 7.869308948516846 0.0 7.043647766113281 0.0 16.89467716217041 0.0 9.752258539199829 0.0
1706929406.7722511 7.045626163482666 0.0 14.55666995048523 0.0 12.092056035995483 80.0 11.92029619216919 80.0 0.7171409130096436 1.0 0.5907084941864014 0.0
1706929484.9858634 13.726961612701416 0.0 14.41448450088501 0.0 8.157436609268188 0.0 7.295870542526245 0.0 17.143016576766968 0.0 9.62995433807373 0.0
1706929567.4538634 7.040116548538208 0.0 14.574246406555176 0.0 12.0482337474823 80.0 11.923889398574829 80.0 0.7211835384368896 1.0 0.7211337089538574 0.0
1706929645.7431328 11.763425350189209 80.0 0.5907237529754639 0.0 8.117056846618652 0.0 7.146451473236084 0.0 17.038228511810303 0.0 9.497836828231812 0.0
1706929718.3889132 7.017719507217407 0.0 14.442601203918457 0.0 8.003711938858032 0.0 7.019676685333252 0.0 17.04500651359558 0.0 9.491863250732422 0.0
1706929793.4992018 7.294137239456177 0.0 14.690274953842163 0.0 8.105672359466553 0.0 7.155663967132568 0.0 16.93305468559265 0.0 9.764225006103516 0.0
1706929869.5378437 7.31733250617981 0.0 14.562630414962769 0.0 7.845752000808716 0.0 7.043599605560303 0.0 17.025038719177246 0.0 9.787293672561646 0.0
1706929945.2292376 7.051337003707886 0.0 14.723634958267212 0.0 7.979710102081299 0.0 7.15761399269104 0.0 16.91537833213806 0.0 9.613461017608643 0.0
1706930020.7702143 7.031728744506836 0.0 14.48160457611084 0.0 11.801172971725464 80.0 8.797191619873047 0.0 0.7229650020599365 1.0 9.74367880821228 0.0
1706930098.239859 14.56439208984375 0.0 14.56218934059143 0.0 7.965294599533081 0.0 7.183841943740845 0.0 17.183433055877686 0.0 9.5058114528656 0.0
1706930181.3013244 7.175755500793457 0.0 14.726620435714722 0.0 7.863650560379028 0.0 7.184180021286011 0.0 17.19322419166565 0.0 9.759169816970825 0.0
1706930257.3046892 7.313010215759277 0.0 14.691442728042603 0.0 7.967960357666016 0.0 7.0897462368011475 0.0 16.905651330947876 0.0 9.752936840057373 0.0
1706930333.1314135 7.194919109344482 0.0 14.68718147277832 0.0 11.926692247390747 80.0 11.8930025100708 80.0 0.5891664028167725 1.0 0.5787320137023926 0.0
1706930411.3092306 13.754743099212646 0.0 14.428926467895508 0.0 11.938985586166382 80.0 11.778307676315308 80.0 0.7131156921386719 1.0 0.5828514099121094 0.0
1706930495.7932749 13.718183040618896 0.0 14.587609052658081 0.0 8.011377811431885 0.0 7.058723449707031 0.0 17.13957691192627 0.0 11.802231788635254 80.0
1706930586.6109087 8.673425674438477 0.0 0.4585905075073242 1.0 8.927454471588135 0.0 15.30629563331604 0.0 16.885375022888184 0.0 9.641302585601807 0.0
1706930665.003716 7.182270526885986 0.0 14.440066814422607 0.0 7.84625768661499 0.0 7.305770635604858 0.0 16.99455165863037 0.0 9.534337043762207 0.0
1706930740.4196193 7.055713176727295 0.0 14.580619096755981 0.0 7.904019594192505 0.0 7.3351287841796875 0.0 16.946934461593628 0.0 9.746345281600952 0.0
1706930816.1018558 7.343722105026245 0.0 14.595476627349854 0.0 8.145176649093628 0.0 7.020056486129761 0.0 17.056527137756348 0.0 9.775949478149414 0.0
1706930892.14911 7.139764308929443 0.0 14.465008735656738 0.0 8.000727891921997 0.0 7.044184684753418 0.0 17.006877899169922 0.0 9.644286394119263 0.0
1706930967.5465333 7.3097147941589355 0.0 14.552607536315918 0.0 11.810248613357544 80.0 11.817181587219238 80.0 0.7127542495727539 1.0 0.5748329162597656 0.0
1706931045.6154683 13.728773593902588 0.0 14.440593719482422 0.0 7.995638132095337 0.0 7.0293169021606445 0.0 17.049211025238037 0.0 9.60398268699646 0.0
1706931127.5594273 7.2956929206848145 0.0 14.53638482093811 0.0 7.878103256225586 0.0 7.305647850036621 0.0 17.085317850112915 0.0 9.493517875671387 0.0
1706931203.2594414 7.1376793384552 0.0 14.725043058395386 0.0 8.001811265945435 0.0 7.172868728637695 0.0 16.903395175933838 0.0 11.907721042633057 80.0
1706931287.6059568 8.803051233291626 0.0 0.7187469005584717 1.0 8.965610980987549 0.0 15.264118671417236 0.0 16.94496488571167 0.0 11.782137393951416 80.0
1706931374.959593 8.811296463012695 0.0 0.7167515754699707 1.0 8.933279037475586 0.0 15.296499729156494 0.0 16.33316445350647 0.0 9.792506217956543 0.0
1706931453.3382273 7.185148000717163 0.0 14.75588870048523 0.0 8.00620412826538 0.0 7.151631116867065 0.0 17.04314351081848 0.0 9.643598794937134 0.0
1706931529.2181635 7.173656940460205 0.0 14.438605070114136 0.0 7.987581253051758 0.0 7.147621154785156 0.0 16.840781688690186 0.0 9.787911176681519 0.0
1706931604.687686 7.1621928215026855 0.0 14.425995349884033 0.0 7.841705560684204 0.0 7.175595998764038 0.0 16.964954614639282 0.0 9.516095638275146 0.0
1706931679.8798892 7.035812616348267 0.0 14.716233968734741 0.0 11.834984302520752 80.0 8.849907875061035 0.0 0.7210183143615723 1.0 9.645238637924194 0.0
1706931757.5768526 13.90382432937622 0.0 14.43243670463562 0.0 7.858034372329712 0.0 7.157517194747925 0.0 17.0790593624115 0.0 9.749847888946533 0.0
1706931839.863847 7.035661220550537 0.0 14.702333211898804 0.0 7.879173278808594 0.0 7.307217836380005 0.0 16.89083456993103 0.0 9.505947351455688 0.0
1706931915.2793477 7.163647651672363 0.0 14.40858769416809 0.0 7.86565637588501 0.0 7.305197238922119 0.0 16.931312084197998 0.0 9.536241292953491 0.0
1706931990.594371 7.0057008266448975 0.0 14.400444746017456 0.0 7.886399269104004 0.0 7.332652568817139 0.0 17.174912214279175 0.0 9.779880285263062 0.0
1706932066.2714105 7.149973154067993 0.0 14.55433988571167 0.0 11.886696577072144 80.0 9.516246795654297 0.0 0.7249128818511963 1.0 9.635350942611694 0.0
1706932144.6543438 13.770535945892334 0.0 14.704593181610107 0.0 7.863741397857666 0.0 7.157618522644043 0.0 17.012855291366577 0.0 9.751827239990234 0.0
1706932227.0154288 7.161625862121582 0.0 14.468215942382812 0.0 7.986329793930054 0.0 7.165282487869263 0.0 16.955001831054688 0.0 9.475836753845215 0.0
1706932302.3371897 7.013689041137695 0.0 14.448607206344604 0.0 8.131752014160156 0.0 7.031563997268677 0.0 17.00693655014038 0.0 9.649796485900879 0.0
1706932377.721365 7.1812424659729 0.0 14.695015668869019 0.0 7.883681058883667 0.0 7.051716327667236 0.0 16.94412326812744 0.0 9.672669172286987 0.0
1706932453.2442582 7.285765647888184 0.0 14.416804075241089 0.0 8.141878128051758 0.0 7.06564998626709 0.0 17.04085612297058 0.0 9.741995573043823 0.0
1706932529.0341089 7.139613151550293 0.0 14.450978755950928 0.0 7.9813714027404785 0.0 7.15363335609436 0.0 17.077605485916138 0.0 11.903547286987305 80.0
1706932613.2367125 8.777127742767334 0.0 0.45076894760131836 1.0 8.917163610458374 0.0 14.750700950622559 0.0 16.062782049179077 0.0 9.60387134552002 0.0
1706932690.2976902 7.0160369873046875 0.0 14.716298818588257 0.0 7.871699333190918 0.0 7.161718368530273 0.0 17.18691325187683 0.0 9.743878364562988 0.0
1706932766.0979846 7.021676301956177 0.0 14.586603164672852 0.0 12.020203113555908 80.0 11.80368947982788 80.0 0.7168679237365723 1.0 0.5846078395843506 0.0
1706932844.118243 13.743465662002563 0.0 14.44225788116455 0.0 7.847612380981445 0.0 7.159890174865723 0.0 17.012982606887817 0.0 9.775923728942871 0.0
1706932926.1980948 7.032050371170044 0.0 14.436151266098022 0.0 8.121728420257568 0.0 7.155946493148804 0.0 16.910569190979004 0.0 9.503956317901611 0.0
1706933001.4498255 7.169688701629639 0.0 14.746100902557373 0.0 8.000237941741943 0.0 7.035600900650024 0.0 17.02497148513794 0.0 9.794262170791626 0.0
1706933077.3266788 7.179409742355347 0.0 14.565065622329712 0.0 8.129328966140747 0.0 7.033675670623779 0.0 16.9227774143219 0.0 9.804120063781738 0.0
1706933153.0547576 7.163731813430786 0.0 14.418840885162354 0.0 8.147672653198242 0.0 7.021368741989136 0.0 17.165228128433228 0.0 9.530890703201294 0.0
1706933228.6116824 7.174445390701294 0.0 14.574624061584473 0.0 7.878082752227783 0.0 7.149495840072632 0.0 17.01346516609192 0.0 9.48872709274292 0.0
1706933303.9898918 7.158411264419556 0.0 14.714848279953003 0.0 8.137471437454224 0.0 7.152146577835083 0.0 17.002504348754883 0.0 9.505791664123535 0.0
1706933379.7586973 7.323790788650513 0.0 14.740614414215088 0.0 8.146662950515747 0.0 7.034809112548828 0.0 17.034690856933594 0.0 9.774101495742798 0.0
1706933455.9081423 7.021901369094849 0.0 14.600574731826782 0.0 12.060259342193604 80.0 11.914056301116943 80.0 0.7189927101135254 1.0 0.5871250629425049 0.0
1706933534.0988786 13.727179050445557 0.0 14.546522855758667 0.0 7.888344049453735 0.0 7.036822080612183 0.0 16.898804426193237 0.0 9.649394750595093 0.0
1706933615.9366372 7.044119119644165 0.0 14.730114221572876 0.0 12.096659183502197 80.0 11.823268413543701 80.0 0.7148878574371338 1.0 0.7187697887420654 0.0
1706933694.3491156 11.791894674301147 80.0 0.7148630619049072 0.0 7.987704277038574 0.0 7.153396368026733 0.0 17.01417350769043 0.0 9.51599931716919 0.0
1706933767.018191 7.158071041107178 0.0 14.448081731796265 0.0 8.125848770141602 0.0 7.043842315673828 0.0 17.28022050857544 0.0 9.67254900932312 0.0
1706933842.8419938 7.137676239013672 0.0 14.574836015701294 0.0 8.127761363983154 0.0 7.153083801269531 0.0 17.16294765472412 0.0 10.308019399642944 0.0
1706933919.4006226 7.024173736572266 0.0 14.708009243011475 0.0 7.833656311035156 0.0 7.181614398956299 0.0 17.86131763458252 0.0 9.751503944396973 0.0
1706933995.8721821 7.041667699813843 0.0 14.712579727172852 0.0 7.859658718109131 0.0 7.153560400009155 0.0 17.84529399871826 0.0 10.291675806045532 0.0
1706934072.8744464 7.1476359367370605 0.0 14.430518627166748 0.0 7.957681894302368 0.0 7.279588460922241 0.0 18.03109312057495 0.0 10.471972942352295 0.0
1706934150.2907019 7.145679473876953 0.0 14.49056339263916 0.0 8.020253658294678 0.0 7.049463748931885 0.0 17.864529371261597 0.0 10.428077697753906 0.0
1706934227.389345 7.182205677032471 0.0 14.72783350944519 0.0 7.847425699234009 0.0 7.167599439620972 0.0 17.89505958557129 0.0 10.468005180358887 0.0
1706934304.769569 7.324568033218384 0.0 14.691727876663208 0.0 7.856525897979736 0.0 7.179054498672485 0.0 17.88462519645691 0.0 10.304073810577393 0.0
1706934382.1055608 7.009662389755249 0.0 14.465756893157959 0.0 11.90436863899231 80.0 11.906183958053589 80.0 0.7171273231506348 1.0 0.7148034572601318 0.0
1706934460.091824 11.794043779373169 80.0 0.7186923027038574 0.0 7.977322340011597 0.0 7.163875579833984 0.0 17.743122339248657 0.0 10.431654453277588 0.0
1706934534.4220204 7.038569927215576 0.0 14.405628204345703 0.0 7.996112585067749 0.0 7.051630735397339 0.0 17.949028491973877 0.0 9.65589690208435 0.0
1706934610.612664 7.277677536010742 0.0 14.43058443069458 0.0 7.829436779022217 0.0 7.291898965835571 0.0 17.7587308883667 0.0 10.458112716674805 0.0
1706934687.7549834 7.017487525939941 0.0 14.720720291137695 0.0 11.810241460800171 80.0 11.793606996536255 80.0 0.7107489109039307 1.0 0.7127127647399902 0.0
1706934765.8225582 14.414896011352539 0.0 14.5325288772583 0.0 11.913904666900635 80.0 9.505358457565308 0.0 0.5805952548980713 1.0 9.763475179672241 0.0
1706934851.428885 13.868462085723877 0.0 14.588560104370117 0.0 7.987782955169678 0.0 7.157583951950073 0.0 16.85915732383728 0.0 9.651648998260498 0.0
1706934933.6514795 7.153662919998169 0.0 14.450587749481201 0.0 7.847657680511475 0.0 7.289660215377808 0.0 16.95083737373352 0.0 9.651919603347778 0.0
1706935009.0881243 7.1737189292907715 0.0 14.576972246170044 0.0 11.761793375015259 80.0 9.501347303390503 0.0 0.7269940376281738 1.0 9.773313045501709 0.0
1706935087.510444 14.441668272018433 0.0 14.611829042434692 0.0 7.8534979820251465 0.0 7.1496007442474365 0.0 17.044928312301636 0.0 9.605924367904663 0.0
1706935170.315302 7.2756524085998535 0.0 14.467136144638062 0.0 7.867061376571655 0.0 7.1860411167144775 0.0 16.90730118751526 0.0 12.063326358795166 80.0
1706935254.5892584 8.695083618164062 0.0 0.445298433303833 1.0 8.952882289886475 0.0 11.96436357498169 80.0 1.415374994277954 0.0 9.632612466812134 0.0
1706935320.600121 7.151685476303101 0.0 14.548543214797974 0.0 7.839696407318115 0.0 7.171642303466797 0.0 17.03290557861328 0.0 9.541830062866211 0.0
1706935395.9844375 7.1497228145599365 0.0 15.252685785293579 0.0 7.985683441162109 0.0 7.157637357711792 0.0 17.01093077659607 0.0 9.625968217849731 0.0
1706935472.2709594 7.055548191070557 0.0 14.567156791687012 0.0 11.793416261672974 80.0 9.516200542449951 0.0 0.452894926071167 1.0 9.812717914581299 0.0
1706935550.3705146 14.562214374542236 0.0 14.583854913711548 0.0 8.009474515914917 0.0 7.145700693130493 0.0 17.099825859069824 0.0 11.911587476730347 80.0
1706935642.1767964 8.837655782699585 0.0 0.7408111095428467 1.0 9.671165704727173 0.0 11.810361385345459 80.0 1.531773567199707 0.0 9.504588842391968 0.0
1706935709.179405 7.309675216674805 0.0 14.708722591400146 0.0 11.81225061416626 80.0 11.88757586479187 80.0 0.7150306701660156 1.0 0.5766596794128418 0.0
1706935787.467027 14.545027017593384 0.0 14.729546546936035 0.0 11.949800252914429 80.0 11.939382553100586 80.0 0.7129418849945068 1.0 0.7148849964141846 0.0
1706935873.3315203 11.79881763458252 80.0 0.7188589572906494 0.0 7.9865124225616455 0.0 7.153619289398193 0.0 16.192858457565308 0.0 9.507967472076416 0.0
1706935945.1798093 7.301793098449707 0.0 14.480868577957153 0.0 7.845437049865723 0.0 7.29970121383667 0.0 16.344959020614624 0.0 9.543900728225708 0.0
1706936020.0900776 7.15570592880249 0.0 14.462960004806519 0.0 7.965453147888184 0.0 7.017624855041504 0.0 16.998987913131714 0.0 9.626314878463745 0.0
1706936095.414855 7.037240743637085 0.0 14.464542388916016 0.0 7.881888389587402 0.0 7.181116342544556 0.0 16.363116979599 0.0 9.755963802337646 0.0
1706936170.1972072 7.315732717514038 0.0 14.678629159927368 0.0 7.855783224105835 0.0 7.141730785369873 0.0 17.12117862701416 0.0 9.637709140777588 0.0
1706936246.0491881 7.303659439086914 0.0 14.444625616073608 0.0 7.999675273895264 0.0 7.187706470489502 0.0 17.160990953445435 0.0 9.761935472488403 0.0
1706936322.002293 7.281737565994263 0.0 14.564591407775879 0.0 11.781001091003418 80.0 11.896566152572632 80.0 0.7110476493835449 1.0 0.7188804149627686 0.0
1706936400.2507966 11.79540205001831 80.0 0.7111475467681885 0.0 7.968665599822998 0.0 7.297735691070557 0.0 16.381600379943848 0.0 9.781239748001099 0.0
1706936472.6771524 7.039487838745117 0.0 14.458786249160767 0.0 11.750264167785645 80.0 8.682769775390625 0.0 0.5730586051940918 1.0 9.747568607330322 0.0
1706936549.8394501 14.420676231384277 0.0 14.486640930175781 0.0 7.975290536880493 0.0 7.30204701423645 0.0 16.243260145187378 0.0 9.511605501174927 0.0
1706936631.8704696 7.032691955566406 0.0 15.261752605438232 0.0 7.949713945388794 0.0 7.025595188140869 0.0 16.323619842529297 0.0 9.761292219161987 0.0
1706936707.3204677 7.163691997528076 0.0 15.21871018409729 0.0 8.083717584609985 0.0 7.293373346328735 0.0 16.335057735443115 0.0 9.493884563446045 0.0
1706936783.0126157 7.199321031570435 0.0 14.691502809524536 0.0 8.008960962295532 0.0 7.146090507507324 0.0 16.898451328277588 0.0 9.633822202682495 0.0
1706936858.6848342 7.041803359985352 0.0 14.724873781204224 0.0 7.85382866859436 0.0 7.148022651672363 0.0 17.04456925392151 0.0 9.49186897277832 0.0
1706936934.089687 7.182524681091309 0.0 14.42602252960205 0.0 7.979441165924072 0.0 7.1736931800842285 0.0 17.162959814071655 0.0 9.49790096282959 0.0
1706937009.6114202 7.151684522628784 0.0 14.459734916687012 0.0 11.763089179992676 80.0 11.928641319274902 80.0 0.7151095867156982 1.0 0.5826373100280762 0.0
1706937087.477719 14.544800043106079 0.0 14.5946044921875 0.0 7.853688478469849 0.0 7.171907424926758 0.0 16.37452745437622 0.0 9.468519926071167 0.0
1706937169.5873864 7.31308650970459 0.0 14.44858193397522 0.0 7.863724231719971 0.0 7.183720827102661 0.0 16.37287187576294 0.0 9.5522780418396 0.0
1706937244.4224346 7.041662216186523 0.0 14.418893814086914 0.0 11.981899499893188 80.0 11.78519868850708 80.0 0.7130188941955566 1.0 0.7146389484405518 0.0
1706937322.379747 11.792121887207031 80.0 0.5826056003570557 0.0 8.116933822631836 0.0 7.183976888656616 0.0 16.3004949092865 0.0 9.507733345031738 0.0
1706937394.362192 7.043816804885864 0.0 14.570922613143921 0.0 11.794143199920654 80.0 8.807791471481323 0.0 0.7234814167022705 1.0 9.73550271987915 0.0
1706937471.9406106 13.858370780944824 0.0 14.696608304977417 0.0 8.135809421539307 0.0 7.1900317668914795 0.0 17.038517236709595 0.0 9.499900341033936 0.0
1706937554.4494455 7.023608922958374 0.0 14.470646619796753 0.0 7.975727319717407 0.0 7.171571731567383 0.0 16.26569938659668 0.0 9.51345944404602 0.0
1706937628.9764977 7.037367343902588 0.0 14.456945419311523 0.0 7.991308689117432 0.0 7.157747507095337 0.0 16.913028240203857 0.0 9.499605894088745 0.0
1706937704.131587 7.197556734085083 0.0 14.737043380737305 0.0 7.995429992675781 0.0 7.147623300552368 0.0 17.05575466156006 0.0 9.645064115524292 0.0
1706937780.0104215 7.165910482406616 0.0 15.260742425918579 0.0 8.13719391822815 0.0 7.170621633529663 0.0 17.023491144180298 0.0 9.535012006759644 0.0
1706937856.4144337 7.326733827590942 0.0 14.433506488800049 0.0 11.894313097000122 80.0 9.554075479507446 0.0 0.5829229354858398 1.0 9.760389804840088 0.0
1706937934.860591 13.877928495407104 0.0 14.69118595123291 0.0 8.125724792480469 0.0 7.331658601760864 0.0 17.024888038635254 0.0 9.768238306045532 0.0
1706938017.773885 7.034410238265991 0.0 15.25006914138794 0.0 12.061859846115112 80.0 11.771768808364868 80.0 0.7167561054229736 1.0 0.7128512859344482 0.0
1706938096.5736187 11.748475313186646 80.0 0.7189178466796875 0.0 11.911291599273682 80.0 11.942383050918579 80.0 0.7148473262786865 1.0 0.7213196754455566 0.0
1706938172.0054848 11.80117392539978 80.0 0.5889976024627686 0.0 8.120904684066772 0.0 7.1786065101623535 0.0 16.34985113143921 0.0 9.635008573532104 0.0
1706938244.1756475 7.150672197341919 0.0 15.25459909439087 0.0 11.8821861743927 80.0 11.90946888923645 80.0 0.7207448482513428 1.0 0.719264030456543 0.0
1706938323.0927618 11.766266822814941 80.0 0.7169580459594727 0.0 7.9760613441467285 0.0 6.48224663734436 0.0 17.041386127471924 0.0 9.641851663589478 0.0
1706938395.2135234 7.309742450714111 0.0 15.264901876449585 0.0 7.850709915161133 0.0 7.184486389160156 0.0 17.19819402694702 0.0 9.646677494049072 0.0
1706938471.7750998 7.019270658493042 0.0 15.236664056777954 0.0 7.881622791290283 0.0 7.309404373168945 0.0 17.21120262145996 0.0 9.63335108757019 0.0
1706938548.1651797 7.178328514099121 0.0 15.26248550415039 0.0 8.129847526550293 0.0 7.323592901229858 0.0 17.17695641517639 0.0 11.820133209228516 80.0
1706938633.5494063 8.813157558441162 0.0 0.4506263732910156 1.0 8.943774223327637 0.0 14.410096406936646 0.0 16.086832523345947 0.0 9.613946437835693 0.0
1706938710.363227 7.189695358276367 0.0 14.688598871231079 0.0 8.00170087814331 0.0 7.02173376083374 0.0 16.935222864151 0.0 9.791109323501587 0.0
1706938786.0871687 7.026174306869507 0.0 15.262680053710938 0.0 7.997706890106201 0.0 7.15769362449646 0.0 17.02570915222168 0.0 9.79107141494751 0.0
1706938862.4453924 7.021331071853638 0.0 14.550963163375854 0.0 7.993493556976318 0.0 7.17275857925415 0.0 17.0260910987854 0.0 9.49393916130066 0.0
1706938937.7961445 7.032243967056274 0.0 15.270257472991943 0.0 11.912576675415039 80.0 11.80689811706543 80.0 0.7146294116973877 1.0 0.7153561115264893 0.0
1706939016.5092888 11.794747829437256 80.0 0.5827534198760986 0.0 7.8333353996276855 0.0 7.193578243255615 0.0 17.08901071548462 0.0 9.461644649505615 0.0
1706939088.9504838 7.1674394607543945 0.0 15.25900411605835 0.0 7.848344564437866 0.0 7.163103103637695 0.0 17.83904504776001 0.0 9.628174543380737 0.0
1706939165.9633193 7.05286431312561 0.0 15.2685866355896 0.0 7.985583066940308 0.0 7.0117669105529785 0.0 17.92107653617859 0.0 9.483883619308472 0.0
1706939242.7848523 7.051675319671631 0.0 14.699485540390015 0.0 7.880763053894043 0.0 7.181712865829468 0.0 18.01700448989868 0.0 9.73441767692566 0.0
1706939319.4416254 7.019147157669067 0.0 14.591922760009766 0.0 8.026791095733643 0.0 7.153918027877808 0.0 17.87491202354431 0.0 9.633900165557861 0.0
1706939395.836387 7.031542062759399 0.0 15.240681409835815 0.0 7.879674196243286 0.0 7.031601905822754 0.0 17.965101957321167 0.0 9.655868291854858 0.0
1706939472.7338355 7.191855430603027 0.0 14.53853178024292 0.0 11.931816577911377 80.0 11.793839454650879 80.0 0.7173709869384766 1.0 0.7188482284545898 0.0
1706939550.9087434 14.44306206703186 0.0 14.57979965209961 0.0 7.897442817687988 0.0 7.036381959915161 0.0 18.01075506210327 0.0 9.764026403427124 0.0
1706939634.7384439 7.043729066848755 0.0 15.270626068115234 0.0 7.981349945068359 0.0 7.027536392211914 0.0 17.8496036529541 0.0 9.501882791519165 0.0
1706939711.5086293 7.047569751739502 0.0 14.708601951599121 0.0 7.992110967636108 0.0 7.177632093429565 0.0 18.667216777801514 0.0 10.56235957145691 0.0
1706939789.7602875 7.16143798828125 0.0 15.254756450653076 0.0 8.120038270950317 0.0 7.173339366912842 0.0 17.883450508117676 0.0 10.441967010498047 0.0
1706939867.900555 7.033503532409668 0.0 14.69263482093811 0.0 7.985684394836426 0.0 7.219437837600708 0.0 18.521636962890625 0.0 10.425740480422974 0.0
1706939945.877901 7.156061887741089 0.0 15.3122718334198 0.0 7.969506502151489 0.0 7.307269096374512 0.0 18.821877002716064 0.0 10.337955236434937 0.0
1706940024.8792343 7.045507431030273 0.0 14.704552412033081 0.0 7.857511758804321 0.0 7.298949480056763 0.0 18.669416904449463 0.0 10.448887348175049 0.0
1706940103.004279 7.1377129554748535 0.0 14.55461311340332 0.0 7.971655368804932 0.0 7.323403835296631 0.0 19.49989676475525 0.0 10.457680463790894 0.0
1706940182.052443 7.301969766616821 0.0 15.238170862197876 0.0 7.961665153503418 0.0 7.316110849380493 0.0 19.365619897842407 0.0 10.32913851737976 0.0
1706940261.6606567 7.185689210891724 0.0 14.710617542266846 0.0 8.025748491287231 0.0 7.009526968002319 0.0 18.729435443878174 0.0 11.972005128860474 80.0
1706940347.8039286 8.687075853347778 0.0 0.4550483226776123 1.0 8.957231760025024 0.0 15.526830673217773 0.0 17.74149751663208 0.0 10.59559178352356 0.0
1706940428.2696884 7.029717206954956 0.0 14.562599182128906 0.0 7.981704473495483 0.0 7.1736671924591064 0.0 18.817113876342773 0.0 10.474014520645142 0.0
1706940506.410118 7.277674913406372 0.0 15.367159843444824 0.0 7.971723794937134 0.0 7.288678407669067 0.0 18.678529262542725 0.0 10.445623874664307 0.0
1706940585.5464206 7.296095848083496 0.0 15.256594181060791 0.0 7.845390558242798 0.0 7.301634788513184 0.0 19.609256744384766 0.0 10.438037872314453 0.0
1706940665.401265 7.1296775341033936 0.0 14.55256986618042 0.0 11.886234283447266 80.0 11.797468423843384 80.0 0.59285569190979 1.0 0.5886178016662598 0.0
1706940743.2515476 14.552577257156372 0.0 14.71864914894104 0.0 7.863677263259888 0.0 7.299646377563477 0.0 18.55501103401184 0.0 10.302070140838623 0.0
1706940828.6399143 7.147678375244141 0.0 15.409133911132812 0.0 8.019320011138916 0.0 7.1556923389434814 0.0 18.647122383117676 0.0 10.463141441345215 0.0
1706940907.5797644 7.1674604415893555 0.0 14.5807044506073 0.0 7.961236476898193 0.0 7.161628246307373 0.0 19.369300365447998 0.0 10.594873189926147 0.0
1706940986.5281992 7.205463647842407 0.0 14.612003087997437 0.0 8.001699686050415 0.0 7.152019262313843 0.0 20.197010278701782 0.0 10.30201005935669 0.0
1706941066.1057677 11.924352407455444 80.0 8.001067399978638 0.0 8.116186618804932 0.0 7.291099309921265 0.0 19.495262384414673 0.0 10.330076932907104 0.0
1706941149.781747 7.307737588882446 0.0 15.232688426971436 0.0 8.009689569473267 0.0 7.301672697067261 0.0 20.161369800567627 0.0 10.570031881332397 0.0
1706941230.4642005 7.030034065246582 0.0 15.281466722488403 0.0 7.8362767696380615 0.0 7.287639141082764 0.0 21.102283477783203 0.0 10.601283311843872 0.0
1706941311.7002566 7.1456804275512695 0.0 11.922263383865356 80.0 7.985021114349365 0.0 7.149635553359985 0.0 20.2936909198761 0.0 10.323700666427612 0.0
1706941395.0120485 7.01365852355957 0.0 14.58101487159729 0.0 7.881938457489014 0.0 7.177356481552124 0.0 19.53557825088501 0.0 10.304170846939087 0.0
1706941473.5990667 7.017167329788208 0.0 14.564643383026123 0.0 7.991645097732544 0.0 7.279583692550659 0.0 19.489309787750244 0.0 10.597992420196533 0.0
1706941552.6392775 7.3233466148376465 0.0 15.255473852157593 0.0 11.793843984603882 80.0 11.791480779647827 80.0 0.5973148345947266 1.0 1.5311925411224365 0.0
1706941632.2166872 14.41669750213623 0.0 14.662658214569092 0.0 11.920115232467651 80.0 11.79106330871582 80.0 0.7112600803375244 1.0 0.7126133441925049 0.0
1706941717.7150567 14.540809631347656 0.0 14.721667766571045 0.0 7.844706773757935 0.0 7.2855682373046875 0.0 18.569555282592773 0.0 9.762225151062012 0.0
1706941802.5397673 7.150952100753784 0.0 14.594341039657593 0.0 7.893665075302124 0.0 7.157674551010132 0.0 18.679131746292114 0.0 10.440021276473999 0.0
1706941880.5515125 7.0016632080078125 0.0 15.34868597984314 0.0 8.10774278640747 0.0 7.3016417026519775 0.0 18.6934072971344 0.0 9.625664949417114 0.0
1706941958.7259967 7.011751413345337 0.0 14.564584732055664 0.0 7.84026312828064 0.0 7.019372940063477 0.0 18.68911361694336 0.0 9.749995231628418 0.0
1706942035.700355 7.035525798797607 0.0 14.60070252418518 0.0 7.963704347610474 0.0 7.029577255249023 0.0 19.609243154525757 0.0 10.302010297775269 0.0
1706942114.3370368 7.2897443771362305 0.0 14.55467677116394 0.0 7.859637260437012 0.0 7.05205225944519 0.0 21.137035369873047 0.0 10.579990863800049 0.0
1706942194.8996022 7.1712212562561035 0.0 14.578558921813965 0.0 7.848194122314453 0.0 7.023691177368164 0.0 20.371819496154785 0.0 10.62380838394165 0.0
1706942274.6114845 7.301535129547119 0.0 14.562525749206543 0.0 7.861680507659912 0.0 7.292141914367676 0.0 23.72969365119934 0.0 10.591639041900635 0.0
1706942358.049776 7.295712471008301 0.0 14.592952966690063 0.0 8.095253229141235 0.0 7.04796838760376 0.0 28.512794256210327 0.0 10.627422094345093 0.0
1706942446.318014 7.021669864654541 0.0 14.528560161590576 0.0 8.003812074661255 0.0 7.194333076477051 0.0 23.7292001247406 0.0 10.449987649917603 0.0
1706942529.3412247 11.952011108398438 80.0 8.129093885421753 0.0 7.977665185928345 0.0 7.3016228675842285 0.0 22.63969135284424 0.0 11.902187824249268 80.0
1706942624.1372867 8.669172763824463 0.0 0.6086568832397461 1.0 9.635111093521118 0.0 16.050875663757324 0.0 22.78564763069153 0.0 10.462026357650757 0.0
1706942710.8416543 12.076350927352905 80.0 8.00907588005066 0.0 7.982118844985962 0.0 6.996865272521973 0.0 21.299514532089233 0.0 10.450445890426636 0.0
1706942796.1461327 7.317986011505127 0.0 15.286455869674683 0.0 8.147720098495483 0.0 7.155665874481201 0.0 21.976003646850586 0.0 10.43761396408081 0.0
1706942878.5675297 11.938294410705566 80.0 7.991067409515381 0.0 8.179412603378296 0.0 7.153862714767456 0.0 24.418840885162354 0.0 10.457146883010864 0.0
1706942967.1980531 7.179661273956299 0.0 14.59439754486084 0.0 11.766222715377808 80.0 11.922178983688354 80.0 0.7148737907409668 1.0 1.5333008766174316 0.0
1706943046.1867287 11.762280941009521 80.0 0.7091307640075684 0.0 11.909322023391724 80.0 9.50786542892456 0.0 0.7156476974487305 1.0 10.604538679122925 0.0
1706943122.6942754 11.85214114189148 80.0 0.7206027507781982 0.0 7.987768650054932 0.0 7.281661748886108 0.0 21.87353777885437 0.0 10.602069854736328 0.0
1706943201.5136888 11.769975185394287 80.0 8.109797239303589 0.0 8.108556270599365 0.0 7.298783779144287 0.0 23.619806051254272 0.0 12.04097032546997 80.0
1706943297.357359 8.798667907714844 0.0 0.586653470993042 1.0 8.942266941070557 0.0 12.039379596710205 80.0 1.536163568496704 0.0 11.91427731513977 80.0
1706943372.485695 8.80688190460205 0.0 0.5848579406738281 1.0 8.9454505443573 0.0 15.504722356796265 0.0 23.741820335388184 0.0 10.620044469833374 0.0
1706943459.176495 7.16416597366333 0.0 11.927780389785767 80.0 8.129029750823975 0.0 7.041679382324219 0.0 27.726149320602417 0.0 10.580452919006348 0.0
1706943550.2296348 7.031290054321289 0.0 14.558380842208862 0.0 11.951698303222656 80.0 9.53561520576477 0.0 0.5912678241729736 1.0 12.229721307754517 0.0
1706943631.0503964 11.911666631698608 80.0 0.7191643714904785 0.0 7.991161346435547 0.0 7.047063827514648 0.0 25.400628805160522 0.0 9.52528429031372 0.0
1706943712.1331697 7.061871767044067 0.0 14.682693719863892 0.0 8.00175428390503 0.0 7.356332540512085 0.0 30.950239896774292 0.0 9.64987325668335 0.0
1706943801.9446652 7.16771674156189 0.0 15.23073124885559 0.0 7.999881267547607 0.0 7.042694807052612 0.0 31.88904333114624 0.0 9.766835451126099 0.0
1706943893.141764 7.145706415176392 0.0 14.586871862411499 0.0 11.96254587173462 80.0 11.8155038356781 80.0 0.7191357612609863 1.0 0.7185947895050049 0.0
1706943971.3885875 11.774609804153442 80.0 0.606602668762207 0.0 8.124603748321533 0.0 7.2916100025177 0.0 24.36029291152954 0.0 10.429620742797852 0.0
1706944052.4628327 7.037709474563599 0.0 14.542288780212402 0.0 7.970354080200195 0.0 7.024817228317261 0.0 23.469670057296753 0.0 10.434313535690308 0.0
1706944135.039251 11.758033990859985 80.0 7.984981060028076 0.0 7.858731031417847 0.0 7.296696186065674 0.0 23.613708019256592 0.0 10.458009004592896 0.0
1706944222.500815 12.070055723190308 80.0 8.10152292251587 0.0 8.11172342300415 0.0 7.30565619468689 0.0 23.74850034713745 0.0 10.341318607330322 0.0
1706944310.6725495 7.167517900466919 0.0 15.280675172805786 0.0 7.985684156417847 0.0 7.296123743057251 0.0 23.71935772895813 0.0 10.328347206115723 0.0
1706944394.5565457 11.912087440490723 80.0 7.982996940612793 0.0 7.833725929260254 0.0 7.0496742725372314 0.0 22.809858798980713 0.0 9.777740001678467 0.0
1706944480.4198225 7.257892370223999 0.0 15.397770643234253 0.0 11.918887615203857 80.0 11.913635969161987 80.0 0.7188944816589355 1.0 1.5308678150177002 0.0
1706944560.4280527 14.406649112701416 0.0 14.576563835144043 0.0 11.80614972114563 80.0 11.951425790786743 80.0 0.7131252288818359 1.0 1.5289735794067383 0.0
1706944646.6819286 14.440727710723877 0.0 15.254549264907837 0.0 7.8924407958984375 0.0 7.280919313430786 0.0 21.129994869232178 0.0 9.49339485168457 0.0
1706944734.2692778 6.997650146484375 0.0 14.647885799407959 0.0 7.86435604095459 0.0 7.15966796875 0.0 20.293320894241333 0.0 9.519891023635864 0.0
1706944812.8506353 7.2857654094696045 0.0 15.416661739349365 0.0 7.971487760543823 0.0 7.0520923137664795 0.0 21.96150279045105 0.0 10.422115802764893 0.0
1706944895.0601122 7.069182872772217 0.0 15.265319347381592 0.0 7.997377872467041 0.0 7.293576717376709 0.0 22.647672653198242 0.0 9.795947551727295 0.0
1706944977.2359655 7.151681661605835 0.0 15.382712125778198 0.0 11.891445636749268 80.0 9.628238677978516 0.0 0.5891375541687012 1.0 12.222578287124634 0.0
1706945058.9952216 13.862943172454834 0.0 15.374375343322754 0.0 8.121913433074951 0.0 7.329322576522827 0.0 22.093614101409912 0.0 9.676782369613647 0.0
1706945147.561772 11.90513801574707 80.0 7.967543363571167 0.0 7.993636131286621 0.0 7.307595491409302 0.0 23.7578341960907 0.0 11.770167827606201 80.0
1706945243.1446352 8.80929970741272 0.0 0.5786728858947754 1.0 9.655472040176392 0.0 15.288182973861694 0.0 23.4718120098114 0.0 10.432014465332031 0.0
1706945329.8876123 7.020391464233398 0.0 14.687229633331299 0.0 11.7708580493927 80.0 9.63517165184021 0.0 0.45468568801879883 1.0 13.031963109970093 0.0
1706945411.388538 14.46165943145752 0.0 14.70366382598877 0.0 7.853618144989014 0.0 7.307720899581909 0.0 23.443773984909058 0.0 9.49585747718811 0.0
1706945500.7468832 7.04654598236084 0.0 15.260085344314575 0.0 8.121317625045776 0.0 7.287642955780029 0.0 25.116353034973145 0.0 9.479538679122925 0.0
1706945585.1600263 7.156840085983276 0.0 15.386778354644775 0.0 8.140454053878784 0.0 7.3051042556762695 0.0 27.670260190963745 0.0 9.636518478393555 0.0
1706945672.5536175 7.143059730529785 0.0 14.699293851852417 0.0 8.154980897903442 0.0 7.138364553451538 0.0 34.4600293636322 0.0 9.767156839370728 0.0
1706945766.0282211 7.045973300933838 0.0 15.356855630874634 0.0 8.119285345077515 0.0 7.1720476150512695 0.0 32.65873599052429 0.0 9.750963687896729 0.0
1706945858.241934 7.326794862747192 0.0 15.282439470291138 0.0 8.033703565597534 0.0 7.146080493927002 0.0 36.6314697265625 0.0 9.519624471664429 0.0
1706945954.282092 7.051045656204224 0.0 14.589312314987183 0.0 7.9025914669036865 0.0 7.168607950210571 0.0 36.68956446647644 0.0 9.743945598602295 0.0
1706946049.518802 7.018645763397217 0.0 14.605652570724487 0.0 7.973690032958984 0.0 7.045863151550293 0.0 36.819835901260376 0.0 9.500076055526733 0.0
1706946144.5866697 7.167430639266968 0.0 14.596576929092407 0.0 11.813217163085938 80.0 11.812565088272095 80.0 0.7147519588470459 1.0 0.7150635719299316 0.0
1706946222.6962333 14.426058769226074 0.0 15.268984079360962 0.0 7.987643241882324 0.0 7.27382755279541 0.0 34.30508518218994 0.0 9.545698642730713 0.0
1706946323.5961683 7.03693413734436 0.0 15.405419826507568 0.0 7.990239381790161 0.0 7.3170881271362305 0.0 35.903454303741455 0.0 9.652422666549683 0.0
1706946419.0032413 7.047203302383423 0.0 15.242701292037964 0.0 7.9756410121917725 0.0 7.057626485824585 0.0 39.22588348388672 0.0 11.898176431655884 80.0
1706946525.9693909 8.673324823379517 0.0 0.44890904426574707 1.0 8.937586784362793 0.0 15.546272993087769 0.0 48.03792405128479 80.0 9.750197649002075 0.0
1706946642.2604716 7.147753477096558 0.0 14.678546667098999 0.0 11.912253618240356 80.0 9.628922462463379 0.0 0.7267131805419922 1.0 14.580036640167236 0.0
1706946725.8297439 11.92355465888977 80.0 1.537055253982544 0.0 8.799754858016968 0.0 6.469564199447632 0.0 33.462114572525024 0.0 9.639214515686035 0.0
1706946816.1621711 7.185162782669067 0.0 14.595489501953125 0.0 7.961083889007568 0.0 7.161625862121582 0.0 51.56803894042969 80.0 9.681864976882935 0.0
1706946932.8049717 7.296096563339233 0.0 14.588612079620361 0.0 8.04595160484314 0.0 7.203417539596558 0.0 58.084388256073 80.0 9.780472755432129 0.0
1706947056.3096707 7.288683652877808 0.0 14.586639642715454 0.0 8.682760000228882 0.0 7.024649381637573 0.0 60.58680057525635 80.0 9.777497053146362 0.0
1706947182.7473311 7.13765811920166 0.0 14.680580854415894 0.0 7.991686820983887 0.0 7.341887950897217 0.0 60.36248445510864 80.0 8.943137884140015 0.0
1706947307.7102075 7.175690650939941 0.0 14.586610555648804 0.0 11.810185670852661 80.0 11.924884796142578 80.0 0.5826056003570557 1.0 0.585085391998291 0.0
1706947385.658669 14.560930728912354 0.0 14.611329793930054 0.0 7.9969563484191895 0.0 7.043607950210571 0.0 53.009530782699585 80.0 8.975628137588501 0.0
1706947510.343733 7.302059650421143 0.0 15.277689695358276 0.0 7.85832142829895 0.0 7.3236939907073975 0.0 51.525550365448 80.0 8.93138313293457 0.0
1706947627.0692334 7.019655466079712 0.0 14.570605993270874 0.0 7.861750364303589 0.0 7.079668045043945 0.0 45.70078420639038 0.0 9.493099689483643 0.0
1706947730.8863542 7.012414455413818 0.0 14.528595209121704 0.0 8.006107807159424 0.0 7.344756364822388 0.0 52.05455231666565 80.0 8.914920568466187 0.0
1706947847.2359383 7.318521499633789 0.0 15.259856462478638 0.0 12.054300308227539 80.0 11.909887552261353 80.0 0.7187669277191162 1.0 0.5869033336639404 0.0
1706947926.3773983 14.545106887817383 0.0 14.54037857055664 0.0 11.89231276512146 80.0 9.485239267349243 0.0 0.46672654151916504 1.0 14.554087162017822 0.0
1706948016.754014 11.384588479995728 0.0 13.632297277450562 0.0 11.790167808532715 80.0 8.793189287185669 0.0 0.4646577835083008 1.0 14.700708150863647 0.0
1706948102.414759 11.968014478683472 0.0 12.03625774383545 80.0 5.6685991287231445 0.0 6.193579196929932 0.0 28.52259922027588 0.0 9.624548196792603 0.0
1706948194.9278026 7.215047836303711 0.0 16.09349036216736 0.0 8.81511378288269 0.0 7.043614864349365 0.0 43.18051552772522 0.0 8.9239182472229 0.0
1706948298.3053668 7.021734237670898 0.0 14.700584888458252 0.0 11.838310480117798 80.0 11.91367220878601 80.0 0.7186887264251709 1.0 0.7170171737670898 0.0
1706948376.4771814 14.571349143981934 0.0 14.552409648895264 0.0 7.976367473602295 0.0 7.065412521362305 0.0 45.814945936203 80.0 8.953628540039062 0.0
1706948493.9053433 7.039742946624756 0.0 14.526527643203735 0.0 8.011691093444824 0.0 7.0096447467803955 0.0 35.171473026275635 0.0 11.881935119628906 80.0
1706948596.0472476 8.825416326522827 0.0 0.7227678298950195 1.0 8.92781114578247 0.0 15.417280435562134 0.0 28.484013319015503 0.0 9.66988730430603 0.0
1706948686.59389 11.884004354476929 80.0 7.991267442703247 0.0 8.119637966156006 0.0 7.0355799198150635 0.0 26.876285314559937 0.0 10.295344352722168 0.0
1706948777.3066514 7.300477504730225 0.0 14.572214841842651 0.0 11.919585704803467 80.0 9.501680612564087 0.0 0.44676899909973145 1.0 13.881533145904541 0.0
1706948859.842361 14.567140102386475 0.0 15.372809648513794 0.0 7.997619390487671 0.0 7.044049501419067 0.0 28.567652225494385 0.0 8.796780347824097 0.0
1706948954.2964654 7.0336995124816895 0.0 14.570594072341919 0.0 8.019416570663452 0.0 7.311317682266235 0.0 28.517202138900757 0.0 9.475836515426636 0.0
1706949041.32733 7.187715530395508 0.0 14.554590702056885 0.0 7.969719409942627 0.0 7.143647909164429 0.0 26.828280448913574 0.0 8.793877601623535 0.0
1706949125.9025295 7.0436553955078125 0.0 14.574625253677368 0.0 7.884921073913574 0.0 7.30635666847229 0.0 26.136008501052856 0.0 9.517522096633911 0.0
1706949210.459681 7.044931411743164 0.0 14.55175256729126 0.0 7.981759786605835 0.0 7.185603618621826 0.0 27.880429983139038 0.0 9.755959510803223 0.0
1706949296.9513404 7.039690971374512 0.0 14.578648328781128 0.0 11.798170328140259 80.0 11.780724287033081 80.0 0.5791184902191162 1.0 0.7106595039367676 0.0
1706949374.737695 14.56141448020935 0.0 14.56397819519043 0.0 7.986615419387817 0.0 7.051050662994385 0.0 27.61599564552307 0.0 9.635909080505371 0.0
1706949468.2529817 7.21150279045105 0.0 15.262754440307617 0.0 7.8784215450286865 0.0 7.316883087158203 0.0 29.22262167930603 0.0 9.475858211517334 0.0
1706949556.7405858 7.069953680038452 0.0 14.62244439125061 0.0 8.163872003555298 0.0 7.293289661407471 0.0 28.538478136062622 0.0 9.661163330078125 0.0
1706949644.181671 7.340542793273926 0.0 14.596518516540527 0.0 8.683862447738647 0.0 7.300355911254883 0.0 26.907701015472412 0.0 9.517855644226074 0.0
1706949730.626748 7.326117038726807 0.0 14.61626672744751 0.0 8.109863042831421 0.0 7.179434776306152 0.0 26.23223304748535 0.0 8.957737684249878 0.0
1706949815.145942 7.291722059249878 0.0 14.752326965332031 0.0 8.098159551620483 0.0 7.191590309143066 0.0 25.472151041030884 0.0 8.94182801246643 0.0
1706949898.9971182 7.331177711486816 0.0 14.589513301849365 0.0 8.665382862091064 0.0 7.073551893234253 0.0 26.11094379425049 0.0 9.63329815864563 0.0
1706949984.4969966 7.147820711135864 0.0 14.690526485443115 0.0 7.969696044921875 0.0 7.175890922546387 0.0 28.684398889541626 0.0 11.820695161819458 80.0
1706950080.479265 8.790372371673584 0.0 0.466693639755249 1.0 9.645262241363525 0.0 15.522821187973022 0.0 32.76314353942871 0.0 9.523862361907959 0.0
1706950175.6890247 7.177753686904907 0.0 14.558950662612915 0.0 8.007543563842773 0.0 7.038527727127075 0.0 31.917784690856934 0.0 9.636867046356201 0.0
1706950266.1258066 7.17273473739624 0.0 14.554532766342163 0.0 7.991706371307373 0.0 7.1989336013793945 0.0 30.289693355560303 0.0 9.612515449523926 0.0
1706950355.0388415 7.078231334686279 0.0 14.609192132949829 0.0 7.866498708724976 0.0 7.29573655128479 0.0 28.53848910331726 0.0 11.892163515090942 80.0
1706950450.8030539 8.810301780700684 0.0 0.714674711227417 1.0 8.943132877349854 0.0 15.402796506881714 0.0 32.726470947265625 0.0 9.514787912368774 0.0
1706950545.4177375 7.1939778327941895 0.0 14.562109231948853 0.0 7.999677419662476 0.0 7.0096259117126465 0.0 26.728261947631836 0.0 9.519975185394287 0.0
1706950630.528757 7.1813623905181885 0.0 14.583940505981445 0.0 7.864700078964233 0.0 7.023788690567017 0.0 28.750498056411743 0.0 11.774172306060791 80.0
1706950726.2119522 8.663294553756714 0.0 0.4591095447540283 1.0 9.639484882354736 0.0 15.3064546585083 0.0 26.97227954864502 0.0 9.67987585067749 0.0
1706950815.4493785 7.312056064605713 0.0 14.584715127944946 0.0 7.98970627784729 0.0 7.043009281158447 0.0 25.16092085838318 0.0 9.627118349075317 0.0
1706950899.2714708 7.197725534439087 0.0 15.288524150848389 0.0 7.863828659057617 0.0 7.29028058052063 0.0 24.285241842269897 0.0 9.614100933074951 0.0
1706950982.9160752 7.033418655395508 0.0 14.687252521514893 0.0 7.981050968170166 0.0 7.141623497009277 0.0 26.869996070861816 0.0 11.908496141433716 80.0
1706951077.0278625 8.815184593200684 0.0 0.7296650409698486 1.0 9.614115715026855 0.0 15.39078426361084 0.0 27.610353708267212 0.0 10.348100185394287 0.0
1706951168.0559082 7.149864435195923 0.0 15.288265705108643 0.0 8.653540134429932 0.0 7.026224136352539 0.0 26.953219652175903 0.0 10.590511083602905 0.0
1706951255.8209188 7.163748741149902 0.0 14.602879762649536 0.0 8.703524112701416 0.0 7.31203556060791 0.0 25.949745178222656 0.0 12.070284843444824 80.0
1706951350.1172497 8.78343915939331 0.0 0.44847702980041504 1.0 8.9445481300354 0.0 15.262731075286865 0.0 25.47204899787903 0.0 10.462097644805908 0.0
1706951437.9845312 7.179919481277466 0.0 11.90994143486023 80.0 8.015522718429565 0.0 7.041097640991211 0.0 24.271905183792114 0.0 10.46004343032837 0.0
1706951525.3558402 7.14177942276001 0.0 15.25464940071106 0.0 11.918222188949585 80.0 9.499265670776367 0.0 0.7127320766448975 1.0 13.71156096458435 0.0
1706951608.5008252 14.44299054145813 0.0 14.68254280090332 0.0 8.105766773223877 0.0 7.15474796295166 0.0 24.337941884994507 0.0 9.632656574249268 0.0
1706951698.964472 7.148953914642334 0.0 15.395132303237915 0.0 8.037618160247803 0.0 7.330118179321289 0.0 24.591944932937622 0.0 9.65061068534851 0.0
1706951783.2342474 7.172905683517456 0.0 14.697001457214355 0.0 12.065831184387207 80.0 11.941617727279663 80.0 0.7086641788482666 1.0 0.7130205631256104 0.0
1706951861.8166835 14.43678593635559 0.0 14.686602592468262 0.0 8.091703414916992 0.0 7.328670501708984 0.0 25.26308846473694 0.0 10.561977863311768 0.0
1706951954.2759662 11.884326696395874 80.0 8.010997295379639 0.0 8.667778491973877 0.0 7.024091720581055 0.0 24.541423797607422 0.0 10.438087701797485 0.0
1706952043.3406198 7.200282335281372 0.0 15.364898681640625 0.0 8.108879089355469 0.0 7.160222768783569 0.0 23.757493495941162 0.0 10.346324682235718 0.0
1706952127.3696897 11.755769968032837 80.0 8.110880851745605 0.0 7.869720935821533 0.0 7.335679769515991 0.0 22.948097467422485 0.0 9.635932207107544 0.0
1706952213.5191045 7.309208869934082 0.0 15.388715982437134 0.0 7.980891466140747 0.0 7.160391330718994 0.0 22.639676809310913 0.0 9.50000286102295 0.0
1706952295.5959945 7.336631536483765 0.0 15.289814472198486 0.0 8.67178726196289 0.0 7.1715803146362305 0.0 22.96374225616455 0.0 9.77221155166626 0.0
1706952378.9030561 7.321452856063843 0.0 15.398733615875244 0.0 7.995758295059204 0.0 7.15769624710083 0.0 22.64962387084961 0.0 9.487942695617676 0.0
1706952461.0043757 7.287765741348267 0.0 14.684552431106567 0.0 7.8624818325042725 0.0 7.0108771324157715 0.0 22.696086406707764 0.0 11.822164297103882 80.0
1706952550.8690288 8.84708285331726 0.0 0.5786964893341064 1.0 8.959667682647705 0.0 11.959163427352905 80.0 1.5395705699920654 0.0 9.618451356887817 0.0
1706952617.2518497 7.153727054595947 0.0 11.79011869430542 80.0 8.123288631439209 0.0 7.169400215148926 0.0 22.61240863800049 0.0 11.769665241241455 80.0
1706952710.7809465 8.782787084579468 0.0 0.46463775634765625 1.0 8.931469440460205 0.0 15.53336215019226 0.0 22.665525197982788 0.0 9.61155652999878 0.0
1706952795.2674282 7.297674179077148 0.0 11.804286003112793 80.0 8.143134593963623 0.0 7.057626724243164 0.0 22.657711505889893 0.0 9.626117944717407 0.0
1706952880.3387191 7.1434245109558105 0.0 11.812287330627441 80.0 8.105174779891968 0.0 7.071502208709717 0.0 22.905353307724 0.0 9.488337993621826 0.0
1706952965.3663158 7.156089544296265 0.0 15.268311262130737 0.0 8.685745477676392 0.0 7.04162335395813 0.0 22.13797354698181 0.0 9.621532201766968 0.0
1706953047.3816245 11.917161226272583 80.0 8.098464727401733 0.0 8.673981428146362 0.0 7.037565231323242 0.0 22.825283765792847 0.0 9.643535852432251 0.0
1706953134.0831218 7.194075345993042 0.0 14.740864753723145 0.0 8.003523826599121 0.0 7.151645660400391 0.0 23.596070528030396 0.0 9.62766981124878 0.0
1706953216.4919906 7.163577318191528 0.0 14.72269582748413 0.0 8.10969066619873 0.0 7.153696060180664 0.0 22.682820558547974 0.0 11.812964677810669 80.0
1706953306.625214 8.80310845375061 0.0 0.4426867961883545 1.0 8.935235500335693 0.0 14.730651140213013 0.0 22.755724668502808 0.0 11.76222562789917 80.0
1706953398.9743063 8.68108606338501 0.0 0.4466848373413086 1.0 8.913410425186157 0.0 14.705199003219604 0.0 23.47721290588379 0.0 11.776224374771118 80.0
1706953491.890009 8.790940046310425 0.0 0.4507720470428467 1.0 8.955726385116577 0.0 15.264804363250732 0.0 23.51974630355835 0.0 9.495986461639404 0.0
1706953576.887826 7.043664932250977 0.0 14.684683561325073 0.0 8.151660680770874 0.0 7.045639753341675 0.0 22.77568531036377 0.0 9.494231224060059 0.0
1706953658.18439 7.053454637527466 0.0 11.930240631103516 80.0 8.099027156829834 0.0 7.157634258270264 0.0 22.889743328094482 0.0 9.646331548690796 0.0
1706953743.4745784 11.922541618347168 80.0 8.138561964035034 0.0 7.963670015335083 0.0 7.167638063430786 0.0 22.67269253730774 0.0 9.484731197357178 0.0
1706953829.327801 7.193758726119995 0.0 14.746578693389893 0.0 8.025431156158447 0.0 7.031871318817139 0.0 22.781763315200806 0.0 9.48820424079895 0.0
1706953910.694473 11.786149024963379 80.0 8.145026922225952 0.0 7.963168621063232 0.0 7.2956578731536865 0.0 22.68368911743164 0.0 11.894252061843872 80.0
1706954005.3425086 8.669604301452637 0.0 0.4528822898864746 1.0 8.934297323226929 0.0 15.429145812988281 0.0 23.61741304397583 0.0 9.628246545791626 0.0
1706954090.578795 7.19336462020874 0.0 11.893277168273926 80.0 7.995169162750244 0.0 7.161624193191528 0.0 23.75188136100769 0.0 9.785910367965698 0.0
1706954176.8522358 7.16508674621582 0.0 12.042853116989136 80.0 8.099349975585938 0.0 7.1796417236328125 0.0 24.455928564071655 0.0 9.639946699142456 0.0
1706954263.917756 7.327600717544556 0.0 14.596704244613647 0.0 11.823559999465942 80.0 9.645688533782959 0.0 0.45072412490844727 1.0 12.24963927268982 0.0
1706954344.9067383 14.464577913284302 0.0 15.218660116195679 0.0 8.123694896697998 0.0 7.30805230140686 0.0 24.317543268203735 0.0 9.499621152877808 0.0
1706954435.9352155 7.174338340759277 0.0 15.346327304840088 0.0 8.681787252426147 0.0 7.1656646728515625 0.0 23.51170516014099 0.0 8.690670013427734 0.0
1706954518.6068988 7.031223773956299 0.0 14.744252681732178 0.0 7.957677841186523 0.0 7.2936317920684814 0.0 25.112035036087036 0.0 8.971740007400513 0.0
1706954601.81945 7.017778396606445 0.0 15.27473497390747 0.0 11.934160470962524 80.0 11.773441076278687 80.0 0.5965883731842041 1.0 0.7185819149017334 0.0
1706954680.4087956 11.795104026794434 80.0 0.7146339416503906 0.0 8.003078937530518 0.0 7.17819619178772 0.0 24.47997236251831 0.0 8.973507165908813 0.0
1706954760.039726 7.341484546661377 0.0 15.414726972579956 0.0 7.979742527008057 0.0 7.297634601593018 0.0 24.313885927200317 0.0 11.894208192825317 80.0
1706954852.7638633 8.811352491378784 0.0 0.4507322311401367 1.0 8.969480752944946 0.0 15.54049825668335 0.0 23.755837202072144 0.0 9.477944135665894 0.0
1706954938.2608886 7.156063795089722 0.0 15.273552417755127 0.0 8.114495038986206 0.0 7.176534652709961 0.0 23.569743633270264 0.0 11.913766145706177 80.0
1706955029.955828 8.843265771865845 0.0 0.725393533706665 1.0 8.94230580329895 0.0 15.368339776992798 0.0 24.407925128936768 0.0 11.790239810943604 80.0
1706955124.939174 8.697267293930054 0.0 0.5766708850860596 1.0 8.931072473526001 0.0 15.375118017196655 0.0 24.58079481124878 0.0 9.512647867202759 0.0
1706955211.111806 7.145627737045288 0.0 15.268689393997192 0.0 7.965749979019165 0.0 7.039819955825806 0.0 24.459736347198486 0.0 9.61794400215149 0.0
1706955294.7016678 7.015910625457764 0.0 14.732413530349731 0.0 7.9996421337127686 0.0 7.167701482772827 0.0 25.10600209236145 0.0 9.509871006011963 0.0
1706955378.3283038 7.155635833740234 0.0 15.297078847885132 0.0 8.664416074752808 0.0 7.148677587509155 0.0 25.94810461997986 0.0 9.62175726890564 0.0
1706955464.2559304 7.059674501419067 0.0 15.366675853729248 0.0 8.680269718170166 0.0 7.145163536071777 0.0 28.454540252685547 0.0 12.06824517250061 80.0
1706955561.5181124 8.702898740768433 0.0 0.4447035789489746 1.0 8.923011064529419 0.0 12.070326328277588 80.0 2.251394510269165 0.0 9.642637491226196 0.0
1706955628.4543102 7.061650037765503 0.0 14.7206871509552 0.0 12.034499883651733 80.0 9.625598907470703 0.0 0.5869772434234619 1.0 12.908974170684814 0.0
1706955710.2795367 14.433007717132568 0.0 15.397048234939575 0.0 7.981400489807129 0.0 7.027267694473267 0.0 27.738439321517944 0.0 9.659949541091919 0.0
1706955804.6145911 7.049726247787476 0.0 15.41090440750122 0.0 8.16148042678833 0.0 7.017636060714722 0.0 26.86202645301819 0.0 9.645663022994995 0.0
1706955890.8616323 7.013658761978149 0.0 14.734595537185669 0.0 7.987468242645264 0.0 7.311657905578613 0.0 29.42197608947754 0.0 9.512561798095703 0.0
1706955978.9378893 7.029727935791016 0.0 14.691494703292847 0.0 8.659919738769531 0.0 7.183154344558716 0.0 26.107686758041382 0.0 9.609903335571289 0.0
1706956064.3271282 7.139678239822388 0.0 15.276684522628784 0.0 11.92017912864685 80.0 11.828058004379272 80.0 0.7148492336273193 1.0 0.7193610668182373 0.0
1706956143.2061138 14.409165859222412 0.0 15.368661642074585 0.0 8.681811571121216 0.0 7.029911518096924 0.0 25.939894914627075 0.0 9.487489700317383 0.0
1706956236.2201872 7.309552907943726 0.0 15.431224346160889 0.0 8.014176368713379 0.0 7.166730642318726 0.0 25.11200714111328 0.0 9.499912023544312 0.0
1706956320.85034 7.304195880889893 0.0 15.400491714477539 0.0 8.663563251495361 0.0 7.169641017913818 0.0 25.992400884628296 0.0 8.931452512741089 0.0
1706956406.411826 7.027750492095947 0.0 14.716643810272217 0.0 8.688704013824463 0.0 7.1547441482543945 0.0 27.644697189331055 0.0 8.947487592697144 0.0
1706956492.6853876 7.2937400341033936 0.0 15.232687950134277 0.0 11.782163858413696 80.0 9.619357585906982 0.0 0.44693422317504883 1.0 12.23777723312378 0.0
1706956574.19084 14.411885738372803 0.0 15.418479681015015 0.0 8.137840986251831 0.0 7.203214406967163 0.0 27.102959156036377 0.0 9.695677280426025 0.0
1706956668.268843 7.157705068588257 0.0 15.24668550491333 0.0 8.097968578338623 0.0 7.310647249221802 0.0 26.907007694244385 0.0 11.769965410232544 80.0
1706956763.2561562 8.801403760910034 0.0 0.5893151760101318 1.0 8.940376281738281 0.0 15.552715539932251 0.0 27.588599920272827 0.0 8.839061498641968 0.0
1706956852.0715342 7.290611982345581 0.0 15.226267576217651 0.0 11.770238637924194 80.0 9.511814832687378 0.0 0.4582211971282959 1.0 12.248859882354736 0.0
1706956933.4698122 14.591726303100586 0.0 15.224652767181396 0.0 8.67777395248413 0.0 7.171666860580444 0.0 31.12882947921753 0.0 9.773117780685425 0.0
1706957032.1333883 7.0229105949401855 0.0 14.730412721633911 0.0 7.901566743850708 0.0 7.031874179840088 0.0 27.94662570953369 0.0 9.64572024345398 0.0
1706957118.5196283 7.295719385147095 0.0 15.240945816040039 0.0 8.02614140510559 0.0 7.185370922088623 0.0 29.426586866378784 0.0 9.626014471054077 0.0
1706957207.4197328 7.173304319381714 0.0 15.267030239105225 0.0 8.117733716964722 0.0 7.309212923049927 0.0 30.18514585494995 0.0 12.056303024291992 80.0
1706957306.0293183 8.687324523925781 0.0 0.5746603012084961 1.0 8.915528059005737 0.0 15.252689123153687 0.0 41.70377039909363 80.0 8.96542501449585 0.0
1706957415.0254326 7.02171516418457 0.0 15.244633913040161 0.0 8.119681119918823 0.0 7.0375916957855225 0.0 29.366613626480103 0.0 9.631953239440918 0.0
1706957503.543221 7.1500935554504395 0.0 15.258309364318848 0.0 8.12568211555481 0.0 7.149667978286743 0.0 41.39337635040283 80.0 8.946003198623657 0.0
1706957610.0565546 7.151626825332642 0.0 15.246732473373413 0.0 12.027963399887085 80.0 9.506701231002808 0.0 0.71720290184021 1.0 12.919610023498535 0.0
1706957692.509577 11.98271656036377 0.0 12.92205023765564 0.0 8.846239566802979 0.0 6.233438014984131 0.0 29.264153718948364 0.0 11.754539728164673 80.0
1706957792.012425 8.678557395935059 0.0 0.5827035903930664 1.0 8.93746566772461 0.0 14.558324098587036 0.0 30.219188690185547 0.0 9.627463817596436 0.0
1706957883.1274648 7.027675151824951 0.0 15.256736993789673 0.0 12.07217288017273 80.0 11.813103437423706 80.0 0.5847084522247314 1.0 2.242189407348633 0.0
1706957963.429234 14.688957691192627 0.0 15.430946588516235 0.0 7.997865915298462 0.0 7.151581048965454 0.0 33.4231653213501 0.0 9.617956638336182 0.0
1706958063.839498 7.173711061477661 0.0 14.718598127365112 0.0 8.682199716567993 0.0 7.063180685043335 0.0 30.902769327163696 0.0 11.767727613449097 80.0
1706958162.6476033 8.710830211639404 0.0 0.4549262523651123 1.0 9.621975421905518 0.0 15.53079628944397 0.0 30.278987407684326 0.0 9.487671375274658 0.0
1706958255.2391143 7.017712593078613 0.0 15.263060569763184 0.0 8.135310411453247 0.0 7.192010879516602 0.0 29.530506134033203 0.0 9.625621318817139 0.0
1706958344.0990314 7.287689924240112 0.0 15.30768370628357 0.0 7.986753940582275 0.0 7.179643392562866 0.0 31.107250690460205 0.0 11.92610478401184 80.0
1706958443.4003425 8.696873903274536 0.0 0.578688383102417 1.0 9.641981601715088 0.0 15.386063814163208 0.0 29.37831211090088 0.0 11.906020402908325 80.0
1706958543.8844116 8.801575183868408 0.0 0.579092264175415 1.0 9.625539064407349 0.0 15.40482759475708 0.0 28.511793613433838 0.0 9.612878561019897 0.0
1706958634.9336028 7.20553731918335 0.0 14.706596612930298 0.0 11.910207986831665 80.0 11.771700620651245 80.0 0.7087094783782959 1.0 1.5613024234771729 0.0
1706958714.104544 14.602635860443115 0.0 15.37524700164795 0.0 8.649694442749023 0.0 7.011633634567261 0.0 42.32234477996826 80.0 9.767959356307983 0.0
1706958830.33828 7.324001312255859 0.0 14.661924362182617 0.0 7.9917216300964355 0.0 7.032867431640625 0.0 48.1039080619812 80.0 9.629403114318848 0.0
1706958943.572647 7.137576341629028 0.0 15.282724142074585 0.0 8.127695083618164 0.0 7.321113109588623 0.0 52.89230418205261 80.0 9.773822784423828 0.0
1706959062.6036694 7.2954652309417725 0.0 15.238777160644531 0.0 8.668238162994385 0.0 7.283582925796509 0.0 48.799259424209595 80.0 9.639479398727417 0.0
1706959178.0287611 7.156187057495117 0.0 15.38450837135315 0.0 8.675317525863647 0.0 7.165653228759766 0.0 51.30032753944397 80.0 9.744258642196655 0.0
1706959295.9721766 7.18438196182251 0.0 15.428046226501465 0.0 8.651798248291016 0.0 7.289620876312256 0.0 50.77215647697449 80.0 9.788671970367432 0.0
1706959413.5809944 7.031695127487183 0.0 15.246721506118774 0.0 11.892224073410034 80.0 11.765515565872192 80.0 0.7106332778930664 1.0 1.540905475616455 0.0
1706959493.0408762 14.45354962348938 0.0 15.39921259880066 0.0 8.690016031265259 0.0 7.198127031326294 0.0 54.5757040977478 80.0 9.7490975856781 0.0
1706959621.5982554 7.313785076141357 0.0 15.24673318862915 0.0 11.894109725952148 80.0 11.921383619308472 80.0 0.7128839492797852 1.0 0.7236993312835693 0.0
1706959700.6841788 14.43260145187378 0.0 15.372530460357666 0.0 7.970698595046997 0.0 7.042524576187134 0.0 53.90125608444214 80.0 9.65041208267212 0.0
1706959827.563229 7.037654638290405 0.0 15.26308274269104 0.0 8.649441719055176 0.0 7.301639080047607 0.0 60.31243419647217 80.0 9.731702327728271 0.0
1706959954.3535273 7.279696464538574 0.0 15.224668741226196 0.0 7.971707582473755 0.0 7.030659437179565 0.0 60.26883029937744 80.0 9.614451885223389 0.0
1706960080.2558203 7.058745622634888 0.0 15.401713609695435 0.0 11.787536382675171 80.0 11.915866374969482 80.0 0.7108564376831055 1.0 2.2230262756347656 0.0
1706960160.6302023 14.468621969223022 0.0 15.242694854736328 0.0 8.659655094146729 0.0 7.301764011383057 0.0 62.263057470321655 80.0 9.645639657974243 0.0
1706960296.7227232 7.170386791229248 0.0 15.29242753982544 0.0 7.987374782562256 0.0 7.303934335708618 0.0 56.197606801986694 80.0 9.649739503860474 0.0
1706960418.8321507 7.053688049316406 0.0 15.409464836120605 0.0 8.139029264450073 0.0 7.145592212677002 0.0 60.38049387931824 80.0 9.64519453048706 0.0
1706960545.1127923 7.012179851531982 0.0 15.26475477218628 0.0 8.673715114593506 0.0 7.1735780239105225 0.0 58.994627475738525 80.0 9.766050577163696 0.0
1706960670.4869967 7.05293083190918 0.0 15.402706623077393 0.0 8.67310357093811 0.0 7.158353328704834 0.0 54.808064699172974 80.0 9.772876501083374 0.0
1706960791.8524702 7.309779167175293 0.0 15.25469446182251 0.0 8.121703624725342 0.0 7.275924444198608 0.0 55.459898710250854 80.0 9.733059644699097 0.0
1706960913.5052493 7.317739963531494 0.0 15.24669098854065 0.0 8.141496896743774 0.0 7.321496486663818 0.0 58.96075177192688 80.0 9.77351975440979 0.0
1706961038.759196 7.161086082458496 0.0 15.249239921569824 0.0 8.095606803894043 0.0 7.007559061050415 0.0 48.88304042816162 80.0 9.64535927772522 0.0
1706961153.301475 7.135693073272705 0.0 15.390969276428223 0.0 8.687561273574829 0.0 7.149746894836426 0.0 55.378034830093384 80.0 9.771361112594604 0.0
1706961275.3063514 7.157745361328125 0.0 15.358735084533691 0.0 7.953681230545044 0.0 7.033661842346191 0.0 45.79135060310364 80.0 9.774648189544678 0.0
1706961386.8610985 7.18366813659668 0.0 14.740658044815063 0.0 8.699060440063477 0.0 7.162745952606201 0.0 57.0809051990509 80.0 9.752070903778076 0.0
1706961509.982256 7.296104431152344 0.0 15.240418434143066 0.0 8.785737037658691 0.0 7.29967999458313 0.0 55.420124530792236 80.0 9.745337963104248 0.0
1706961632.278817 7.157656908035278 0.0 15.298666954040527 0.0 8.11373233795166 0.0 7.027858018875122 0.0 53.05757021903992 80.0 9.755338907241821 0.0
1706961751.191192 7.047682046890259 0.0 15.282986402511597 0.0 8.807759046554565 0.0 7.067056894302368 0.0 55.39644455909729 80.0 9.793013572692871 0.0
1706961873.0814195 7.184190988540649 0.0 15.242409944534302 0.0 8.673884391784668 0.0 7.002268552780151 0.0 42.407670736312866 0.0 9.63799524307251 0.0
1706961975.329339 7.145753383636475 0.0 15.232657194137573 0.0 8.795868635177612 0.0 7.066473722457886 0.0 38.36892747879028 0.0 9.782092332839966 0.0
1706962073.829177 7.332209825515747 0.0 14.701309204101562 0.0 11.894347906112671 80.0 11.782191038131714 80.0 0.72298264503479 1.0 1.533432960510254 0.0
1706962153.0890155 14.473541498184204 0.0 15.403844594955444 0.0 8.784075260162354 0.0 7.035784721374512 0.0 39.38165092468262 0.0 10.31587028503418 0.0
1706962260.5792232 7.011601209640503 0.0 15.372520446777344 0.0 11.922238826751709 80.0 11.986078262329102 80.0 0.7127704620361328 1.0 2.2254762649536133 0.0
1706962341.0797868 14.439074039459229 0.0 15.260313034057617 0.0 8.007657051086426 0.0 7.039963960647583 0.0 35.941529750823975 0.0 10.467762470245361 0.0
1706962444.3306773 7.1597044467926025 0.0 15.396489143371582 0.0 8.693830728530884 0.0 7.30368447303772 0.0 35.049347162246704 0.0 10.285954475402832 0.0
1706962540.311064 7.2946202754974365 0.0 15.256151914596558 0.0 8.013058423995972 0.0 7.2799389362335205 0.0 35.94962501525879 0.0 10.581783294677734 0.0
1706962636.7887247 7.01771354675293 0.0 15.371099948883057 0.0 7.9913153648376465 0.0 7.024413824081421 0.0 36.120747566223145 0.0 11.794198989868164 80.0
1706962740.6040037 8.715347290039062 0.0 0.5923202037811279 1.0 9.753276824951172 0.0 16.876242876052856 0.0 41.85697102546692 0.0 10.450037002563477 0.0
1706962847.3507638 7.160650730133057 0.0 15.42595386505127 0.0 8.69760799407959 0.0 7.14780855178833 0.0 55.78201985359192 80.0 10.6113920211792 0.0
1706962970.6896577 7.017017602920532 0.0 15.367963075637817 0.0 8.781208515167236 0.0 7.861799716949463 0.0 36.64151644706726 0.0 10.339133024215698 0.0
1706963068.7980232 7.03670597076416 0.0 15.262623310089111 0.0 7.987685918807983 0.0 7.831851959228516 0.0 32.69699501991272 0.0 10.472575664520264 0.0
1706963162.1922684 7.0100343227386475 0.0 15.3616201877594 0.0 8.116395473480225 0.0 7.850353240966797 0.0 38.25518488883972 0.0 11.282200336456299 0.0
1706963262.1707654 7.003694295883179 0.0 15.417162418365479 0.0 7.995312213897705 0.0 7.849487781524658 0.0 44.34687042236328 0.0 10.318230152130127 0.0
1706963367.199209 7.039398908615112 0.0 15.270761251449585 0.0 11.91817831993103 80.0 11.875649690628052 80.0 0.7186968326568604 1.0 0.7087295055389404 0.0
1706963445.9978204 11.883681535720825 80.0 0.5850858688354492 0.0 8.134384155273438 0.0 8.143762350082397 0.0 52.28964281082153 80.0 10.587846279144287 0.0
1706963562.5239768 7.143194913864136 0.0 15.401581048965454 0.0 11.76527214050293 80.0 11.903478384017944 80.0 0.7088820934295654 1.0 1.4117896556854248 0.0
1706963642.1494849 14.438725233078003 0.0 15.259599208831787 0.0 8.686779499053955 0.0 7.868124008178711 0.0 63.74280595779419 80.0 11.378077983856201 0.0
1706963782.0314038 7.0415427684783936 0.0 15.276687145233154 0.0 8.665931701660156 0.0 8.12157392501831 0.0 57.16425824165344 80.0 11.441646099090576 0.0
1706963908.2526298 7.02762246131897 0.0 15.26075267791748 0.0 7.99094557762146 0.0 8.12254524230957 0.0 58.062448024749756 80.0 11.42126202583313 0.0
1706964034.635387 7.163729906082153 0.0 15.358724594116211 0.0 12.044129371643066 80.0 11.920745611190796 80.0 0.7147653102874756 1.0 1.423004150390625 0.0
1706964114.5415144 14.431190490722656 0.0 15.36070990562439 0.0 8.115685939788818 0.0 7.985976457595825 0.0 70.40990138053894 80.0 11.405449151992798 0.0
1706964260.7679248 7.0016398429870605 0.0 15.422580003738403 0.0 8.671934604644775 0.0 7.863598585128784 0.0 62.87508773803711 80.0 11.411551237106323 0.0
1706964392.5119002 7.153959035873413 0.0 15.424428462982178 0.0 8.665829420089722 0.0 7.8579747676849365 0.0 45.85977506637573 0.0 11.939552307128906 80.0
1706964507.9022639 8.79261302947998 0.0 0.4509725570678711 1.0 8.96889066696167 0.0 12.038272380828857 80.0 1.5611670017242432 0.0 11.310151815414429 0.0
1706964575.9248536 7.035877227783203 0.0 15.39267110824585 0.0 8.653762817382812 0.0 7.835684537887573 0.0 36.775585412979126 0.0 11.156065464019775 0.0
1706964674.879252 7.147769927978516 0.0 15.386618852615356 0.0 8.11969780921936 0.0 7.861626386642456 0.0 32.708781003952026 0.0 11.270447015762329 0.0
1706964769.4908247 7.050274133682251 0.0 15.406028032302856 0.0 8.807549953460693 0.0 7.972956895828247 0.0 32.49173092842102 0.0 11.177409887313843 0.0
1706964864.4900985 7.024280309677124 0.0 15.515119075775146 0.0 8.12555193901062 0.0 7.861224412918091 0.0 30.30721402168274 0.0 10.414090156555176 0.0
1706964955.8495157 7.198168516159058 0.0 15.314198732376099 0.0 8.827836275100708 0.0 7.871772766113281 0.0 32.680442810058594 0.0 10.56060242652893 0.0
1706965050.3997157 7.1376636028289795 0.0 15.429011106491089 0.0 11.909905195236206 80.0 11.947556495666504 80.0 0.7088696956634521 1.0 1.5332305431365967 0.0
1706965130.3426757 14.41880488395691 0.0 15.508768558502197 0.0 8.683679580688477 0.0 7.854964971542358 0.0 32.63176941871643 0.0 10.46606731414795 0.0
1706965232.0008397 7.1739726066589355 0.0 15.400526523590088 0.0 8.799756526947021 0.0 7.990083694458008 0.0 33.30676984786987 0.0 10.306047439575195 0.0
1706965327.0755587 7.295697927474976 0.0 15.386720418930054 0.0 8.680683135986328 0.0 7.880857944488525 0.0 33.63720965385437 0.0 10.448270320892334 0.0
1706965422.4987288 7.29941987991333 0.0 15.371943473815918 0.0 8.658572673797607 0.0 7.81773567199707 0.0 33.621145725250244 0.0 10.62205457687378 0.0
1706965517.9843993 7.035667419433594 0.0 15.249091148376465 0.0 8.67136526107788 0.0 7.849671840667725 0.0 45.83282518386841 80.0 10.583486318588257 0.0
1706965631.6961913 7.043642520904541 0.0 15.348692893981934 0.0 8.789529085159302 0.0 7.839721918106079 0.0 38.46217370033264 0.0 10.47167444229126 0.0
1706965731.7495852 7.287674427032471 0.0 15.401087522506714 0.0 8.785698652267456 0.0 7.99955677986145 0.0 48.07702946662903 80.0 10.475515842437744 0.0
1706965848.2654388 7.016083240509033 0.0 15.39030909538269 0.0 7.987691879272461 0.0 7.898111581802368 0.0 36.65593385696411 0.0 10.334544897079468 0.0
1706965945.6490974 7.183535099029541 0.0 15.292616844177246 0.0 8.825898885726929 0.0 7.896592855453491 0.0 40.74606919288635 0.0 11.775382995605469 80.0
1706966055.86622 8.789222240447998 0.0 0.45292210578918457 1.0 9.724773406982422 0.0 16.989004611968994 0.0 49.76933264732361 80.0 10.616023302078247 0.0
1706966177.1090353 7.0478270053863525 0.0 15.364471673965454 0.0 11.782117366790771 80.0 11.783375024795532 80.0 0.583064079284668 1.0 1.4152672290802002 0.0
1706966256.3958955 14.432599782943726 0.0 15.396475076675415 0.0 8.660131216049194 0.0 7.979997873306274 0.0 49.17086839675903 0.0 10.33829402923584 0.0
1706966374.47044 7.271684885025024 0.0 15.530730247497559 0.0 8.693739891052246 0.0 7.853862524032593 0.0 55.51223158836365 80.0 10.441562175750732 0.0
1706966498.2693107 7.1635565757751465 0.0 15.404858589172363 0.0 12.036250352859497 80.0 11.135586261749268 0.0 0.7146852016448975 1.0 13.78268837928772 0.0
1706966583.4018664 12.257344007492065 0.0 13.737306118011475 0.0 11.92264699935913 80.0 11.939067363739014 80.0 0.7188472747802734 1.0 1.5395898818969727 0.0
1706966666.7742295 11.957366466522217 0.0 12.932039499282837 0.0 12.04636263847351 80.0 10.339884042739868 0.0 0.448378324508667 1.0 13.865195989608765 0.0
1706966753.2651606 11.92478060722351 80.0 1.4175324440002441 0.0 8.822120428085327 0.0 6.478172302246094 0.0 34.423285722732544 0.0 11.124452352523804 0.0
1706966845.9431198 7.193357706069946 0.0 15.374746799468994 0.0 8.807236194610596 0.0 7.859255075454712 0.0 61.20784378051758 80.0 10.58723783493042 0.0
1706966975.4619398 7.034550428390503 0.0 15.21980905532837 0.0 8.119702339172363 0.0 7.83778977394104 0.0 51.427199363708496 80.0 10.56151008605957 0.0
1706967094.1486294 7.019698619842529 0.0 15.440703630447388 0.0 8.775787353515625 0.0 7.979846954345703 0.0 43.310367584228516 0.0 10.61811900138855 0.0
1706967199.3886664 7.189751386642456 0.0 15.271372318267822 0.0 8.653806924819946 0.0 7.847878694534302 0.0 51.253976583480835 80.0 10.582174062728882 0.0
1706967318.679 7.0196428298950195 0.0 15.392709732055664 0.0 8.095745086669922 0.0 7.986050844192505 0.0 34.9549458026886 0.0 10.438024520874023 0.0
1706967414.6796713 7.0284271240234375 0.0 15.276896953582764 0.0 8.126713991165161 0.0 7.987506151199341 0.0 40.99241399765015 0.0 10.284182786941528 0.0
1706967516.4698322 7.175480365753174 0.0 15.381354331970215 0.0 8.655157566070557 0.0 7.963741779327393 0.0 50.005898237228394 0.0 10.571553230285645 0.0
1706967628.3187416 7.317137241363525 0.0 15.261248111724854 0.0 8.127720832824707 0.0 7.979765892028809 0.0 38.31262135505676 0.0 10.615200996398926 0.0
1706967728.0258737 7.1597983837127686 0.0 15.346688032150269 0.0 8.677630424499512 0.0 7.857809782028198 0.0 36.75160503387451 0.0 10.303600072860718 0.0
1706967826.2190673 7.308136940002441 0.0 15.274933815002441 0.0 8.139500379562378 0.0 7.855829238891602 0.0 33.34711170196533 0.0 10.595975160598755 0.0
1706967920.8396795 7.145664930343628 0.0 15.39256763458252 0.0 8.79148006439209 0.0 7.8427605628967285 0.0 35.12696623802185 0.0 10.299684286117554 0.0
1706968017.5308816 7.053492784500122 0.0 15.364781141281128 0.0 8.80775237083435 0.0 7.985127687454224 0.0 52.12832713127136 80.0 10.457607746124268 0.0
1706968137.8396947 7.2857701778411865 0.0 15.404722690582275 0.0 8.69974970817566 0.0 7.840068578720093 0.0 41.61768817901611 0.0 10.434340238571167 0.0
1706968241.2153964 7.179948091506958 0.0 15.432429552078247 0.0 8.139711380004883 0.0 7.877833604812622 0.0 45.174657344818115 0.0 10.347300291061401 0.0
1706968347.46059 7.195696115493774 0.0 15.244892597198486 0.0 8.674314260482788 0.0 7.953817844390869 0.0 57.95436453819275 80.0 10.591343879699707 0.0
1706968473.560541 7.331748723983765 0.0 15.261298656463623 0.0 8.680973768234253 0.0 7.835904359817505 0.0 59.59864830970764 80.0 10.479595184326172 0.0
1706968601.2418206 7.297967910766602 0.0 15.388537645339966 0.0 8.1196448802948 0.0 7.995733976364136 0.0 57.26439547538757 80.0 10.568773746490479 0.0
1706968726.35822 7.178185701370239 0.0 15.354546070098877 0.0 8.687792539596558 0.0 7.841759920120239 0.0 63.03800559043884 80.0 10.576226234436035 0.0
1706968857.536423 7.133664131164551 0.0 15.514509916305542 0.0 8.66380524635315 0.0 7.975701093673706 0.0 53.871947288513184 80.0 10.583269119262695 0.0
1706968979.7636323 7.051703453063965 0.0 15.444679975509644 0.0 8.805824518203735 0.0 7.9917261600494385 0.0 59.59642219543457 80.0 10.589262008666992 0.0
1706969107.726882 7.189702987670898 0.0 15.374639749526978 0.0 8.791807413101196 0.0 7.967754602432251 0.0 61.13776230812073 80.0 10.576417207717896 0.0
1706969237.255962 7.017669439315796 0.0 15.538732051849365 0.0 8.768154621124268 0.0 8.124100923538208 0.0 62.99313569068909 80.0 10.573608160018921 0.0
1706969368.7687933 7.041645288467407 0.0 15.382295370101929 0.0 8.122085332870483 0.0 7.317491054534912 0.0 61.849936723709106 80.0 10.568206310272217 0.0
1706975785.0084136 11.993462324142456 80.0 8.022145509719849 0.0 8.741528511047363 0.0 10.526549816131592 0.0 28.602000951766968 0.0 8.054183721542358 0.0
1706975879.4609368 11.97314977645874 80.0 8.050055980682373 0.0 8.184866428375244 0.0 10.671035766601562 0.0 27.759256601333618 0.0 8.865195512771606 0.0
1706975973.478406 11.838724136352539 80.0 8.03029727935791 0.0 8.168452501296997 0.0 10.374547719955444 0.0 28.69272017478943 0.0 12.135209083557129 80.0
1706976077.648965 8.757139921188354 0.0 0.7368879318237305 1.0 8.834416627883911 0.0 18.020907878875732 0.0 12.004968404769897 80.0 13.76361894607544 0.0
1706976164.6759734 6.408478498458862 0.0 15.643067836761475 0.0 8.720361948013306 0.0 9.549073934555054 0.0 29.420755624771118 0.0 8.860335111618042 0.0
1706976255.3788834 7.078270196914673 0.0 15.63582158088684 0.0 11.876689434051514 80.0 11.854662895202637 80.0 0.5808923244476318 1.0 2.2371275424957275 0.0
1706976335.9726236 11.842876672744751 80.0 0.5865890979766846 0.0 8.194193601608276 0.0 10.672813415527344 0.0 29.58996057510376 0.0 8.844349145889282 0.0
1706976424.2169974 12.020745515823364 80.0 8.05205225944519 0.0 8.05861759185791 0.0 10.650991678237915 0.0 31.18912172317505 0.0 8.995343208312988 0.0
1706976521.6863606 7.165436506271362 0.0 11.846473217010498 80.0 8.144875526428223 0.0 10.36028003692627 0.0 27.707993984222412 0.0 8.984274864196777 0.0
1706976614.3853602 7.339138984680176 0.0 15.453307151794434 0.0 8.709035158157349 0.0 10.638364315032959 0.0 26.19232177734375 0.0 8.70532751083374 0.0
1706976703.5265243 11.841364860534668 80.0 8.145614624023438 0.0 8.037651062011719 0.0 10.648306846618652 0.0 26.037155389785767 0.0 8.72588562965393 0.0
1706976795.4678571 11.843240976333618 80.0 8.042102336883545 0.0 8.031893730163574 0.0 10.6378333568573 0.0 26.317047119140625 0.0 11.851253271102905 80.0
1706976897.0871892 8.723975419998169 0.0 0.45508694648742676 1.0 8.155400276184082 0.0 17.114944219589233 0.0 26.891136407852173 0.0 8.869200468063354 0.0
1706976985.7958722 6.486055374145508 0.0 15.44775104522705 0.0 8.854907989501953 0.0 9.810928583145142 0.0 25.25333023071289 0.0 8.705413579940796 0.0
1706977072.4494925 7.058352947235107 0.0 15.498961210250854 0.0 8.163429498672485 0.0 10.37865400314331 0.0 27.691632509231567 0.0 8.840867757797241 0.0
1706977162.175178 7.362609624862671 0.0 11.842206001281738 80.0 8.14972448348999 0.0 10.533661127090454 0.0 27.126237154006958 0.0 8.843534231185913 0.0
1706977254.5254116 7.054928302764893 0.0 15.464751482009888 0.0 12.006227254867554 80.0 11.994469165802002 80.0 0.5829522609710693 1.0 2.225149393081665 0.0
1706977335.1352131 14.452517747879028 0.0 11.952179670333862 80.0 7.980989217758179 0.0 10.364316940307617 0.0 27.162858486175537 0.0 8.694616079330444 0.0
